1 
201627010327
201625010425
201627010503
201627020113
201627020111
201627020130
201627020107
201627020105
201627020116
201627020115
201627020108
201627020129
201627020106
201627020117
201627020110
201627020128
201627020124
201627020122
201627020123
201627020126
201627020109
201627020112
201627020114
201627020120
201627010106
201627010514
201627010417
201627010624
201627010526
201627010429
201627010130
201627010317
201627010424
201627010506
201627010605
201627010602
201627010515
201627010517
201627010129
201627010107
201627010105
201627010128
201627010127
201627020121
201627010510
201627010504
201627020118
201627020127
201627020125
201625010516
201627010104
201625010408
201627010101
201627010222
201627010221
201625010424
201627010330
201627010123
201627010328
201627010117
201627020103
201627010610
201627010522
201625010626
201627010102
201627010103
201627010320
201627010401
201625010418
201627010413
201627010411
201627010408
201627010419
201627010527
201627010430
201621191717
201627010611
201627010615
201627010428
201627010620
201627010628
201627010427
201627010307
201627010630
201627010513
201627010309
201627010426
201627010604
201625010421
201627010422
201627010414
201627010501
201627010617
201627010507
201627010409
201627010612
201627010208
201627010206
201627010227
201625040207
201627020119
201627010125
201627010126
201627010627
201625010607
201627010223
201627010511
201627010324
201627010523
201627010229
201627010425
201627010230
201625010622
201625010623
201627010525
201627010529
201627010524
201627010124
201627010621
201625010610
201627010319
201627010516
201627010528
201627010421
201627010228
201625010512
201627010226
201627010108
201627010520
201627010625
201627010521
201627010116
201627010518
201625040120
201627010606
201627010609
201627010225
201627010502
201625040218
201625010204
201627010509
201625010429
201627010205
201625010526
201627010119
201614090102
201627010407
201621191617
201627010325
201627010302
201625040225
201627010120
201627010131
201625010420
201627010114
201616030128
201627010121
201627010313
201627010217
201627010214
201627010215
201627010216
201612010409
201627010519
201625010509
201627010404
201627010112
201612010417
201627010322
201625010201
201625010122
201625010123
201627010113
201627010402
201625050217
201628050124
201627010618
201627010423
201627010316
201627010301
201627010303
201627020104
201627010212
201625050210
201627010109
201625010417
201627010204
201627010412
201627010118
201625010125
201627010304
201627010306
201627010415
201627010122
201627010220
201627010111
201625010206
201627010312
201627010603
201627010315
201627010310
201627010321
201627010305
201627010406
201627010201
201627010202
201627010403
201627010614
201627010209
201627010616
201627010329
201627010420
201627010318
201627010405
201627010218
201627010626
201627010416
201627010219
201627010311
201627010231
201627010323
201627010203
201627010613
201625010618
201625040427
201625040224
201625040319
201625040415
201625040209
201625040310
201625040206
201625040306
201625040221
201625040202
201625040201
201625040118
201625040203
201625040108
201625040230
201625040314
201625040401
201625040212
201625040117
201625040316
201625040311
201625040205
201625040211
201625040407
201625040409
201625040430
201625040411
201625040217
201625040105
201625040227
201625040222
201625040417
201625040214
201625040302
201625040312
201625040414
201625040210
201625040422
201625040113
201625040215
201625040406
201625040404
201625040208
201625040123
201625040412
201625040329
201625040204
201625040103
201625040129
201625040429
201625040220
201625040228
201625040428
201625040321
201625040413
201625040327
201625040420
201625040328
201625040425
201625040309
201625040419
201625040223
201625040323
201625040130
201625040405
201625040403
201625040114
201625040109
201625040115
201625040408
201625040402
201625040421
201625040410
201625040423
201625040127
201625040213
201625040112
201625040418
201625040104
201625040304
201625040219
201625040426
201625040416
201625040128
201625040424
201625040308
201625040122
201625040216
201625040322
201625040303
201625040320
201625040301
201625040330
201625040126
201625040313
201625040121
201625040102
201625040106
201625040229
201625040119
201625040101
201625040315
201625040318
201625040124
201625010307
201625010309
201625010227
201625010308
201625010207
201625010205
201625010313
201625010213
201625010225
201625010226
201625010121
201625010317
201625010220
201625010315
201625010215
201625010210
201625010208
201625010219
201625010312
201625010224
201625010218
201625010316
201625010209
201625010229
201625010109
201625010325
201625010203
201625010311
201625010301
201625010217
201625010228
201625010302
201625010319
201625010326
201625010115
201625010211
201625010119
201625010212
201625010303
201625010202
201625010314
201625010328
201625010327
201625010324
201625010320
201625010112
201625010118
201625010116
201625010102
201625010103
201625010321
201625010120
201625010113
201625010305
201625010310
201625010104
201625010323
201625010117
201625010304
201625010105
201625010108
201625010329
201625010318
201625010223
201625010221
201625010216
201625010222
201625010214
201625010114
201625010110
201625010111
201625010101
201625010107
201625010106
201627010115
201625050201
201625040110
201627010601
201625050221
201627010623
201627010622
201625010517
201625010518
201627010410
201627010608
201627010213
201627010418
201625010511
201625010504
201625010506
201625010507
201627010210
201627010211
201625010520
201625050121
201625050123
201625050120
201625050105
201625050122
201625050114
201625050230
201625050225
201625050127
201625050212
201625050215
201625050226
201625050209
201625050208
201625050116
201625050224
201625050119
201625050101
201625050223
201625050202
201625050222
201625050227
201625050213
201625050102
201625050103
201625050220
201625050126
201625050106
201625050219
201625050207
201625050218
201625050124
201625050125
201625050113
201625050117
201625050115
201625050104
201625050128
201625050118
201625050109
201625050203
201625050211
201625050228
201625050206
201625050107
201625050216
201625050214
201625050108
201625050204
201625010617
201625010427
201625010612
201625010409
201625010410
201625010419
201625010625
201625010428
201625010524
201625010503
201625010514
201625010423
201625010411
201625010406
201625010416
201625010611
201625010613
201625010624
201625010528
201625010501
201625010529
201625010602
201625010422
201625010620
201625010606
201625010614
201625010605
201625010616
201625010523
201625010502
201625010515
201625010525
201625010522
201625010404
201625010601
201625010519
201625010628
201625010604
201625010608
201625010627
201625010402
201625010403
201625010513
201625010426
201625010405
201625010401
201625010521
201625010508
201625010510
201625010615
201625010413
201625010619
201625010415
201625010414
201625010412
201625010621
201625010603
201625010527
201627010629
201627010607
201627010326
201625040305
201625010306
201625040125
201625040111
201625040107
201625040307
201625040116
201625040324
201625040326
201625040325
201625040317
201625050111
201625010129
201625010127
201625010126
201625010128
201625010322
201625050205
201627010207
201625050112
201625050110
201625010505
201625050130
201625050129
201627020102
201625050229
201616100112
201625120209
201626141910
201612010418
201612010226
201625010609
201625010407
201612010422
201625040226
201621191121
201621200322
201622060209
201625120127
201618150212
201618150205
201612010301
201612010228
201614010122
201621190526
