201330340625
201330350304
201330320502
201330330309
201330350124
201330330114
201330350313
201330340405
201330330408
201330350227
201330330418
201330320513
201330340212
201330330312
201330320331
201330320125
201330340213
201330320118
201330340626
201330340230
201330320227
201330330428
201330340333
201330330224
201330320509
201330320108
201330330310
201330320508
201330320307
201330320523
201330340233
201330340520
201330320105
201330350228
201330330121
201330340527
201330320609
201330340404
201330340327
201330340325
201330340507
201330340208
201330340521
201330340519
201330350201
201330320419
201330330215
201330350314
201330320501
201330340513
201330330304
201330320114
201330340505
201330340131
201330320104
201330320619
201330350302
201330320130
201330330420
201330320511
201330320222
201330330227
201330340608
201330350312
201330320330
201330320611
201330320127
201330340321
201330340326
201330340620
201330350210
201330320624
201330320405
201330340319
201330320225
201330320507
201330320131
201330320226
201330350106
201330340225
201330320630
201330330330
201330350323
201330340205
201330340523
201330320406
201330320604
201330330412
201330330413
201330340416
201330330324
201330320132
201330320228
201330340417
201330320121
201330320126
201330320510
201330350322
201330330113
201330340502
