≤‚ ‘
11126
6567
1118
1126
1014
11127
1007
1017
1001
1117
6568
1119
1127
1015
1018
1016
1019
1020
1023
1024
1120
1025
1044
1030
1037
1028
1035
1137
1039
1062
1029
1031
1042
1038
1047
1040
1009
11149
1046
1121
1123
1145
1122
1083
1124
1084
1059
1151
1091
1092
1125
11128
1065
1099
1104
1105
1106
1098
1050
11129
1005
1026
17222
1109
8577
8578
8579
8580
8581
8583
8584
8576
8585
8586
8587
1139
17249
8590
8591
8592
8606
8588
8607
8608
8609
8610
8621
8622
8638
8639
8640
8641
8643
8644
8645
8646
8642
8647
17250
8648
8649
9492
9493
9494
9495
9496
8623
1525
1138
9528
9683
10679
10684
9529
1142
1079
≤‚ ‘
6567
1001
11126
1117
6568
1119
1118
1126
1127
1014
1015
11127
1128
1005
1018
1016
1019
1020
1023
1007
1017
1024
1120
1025
1029
1044
1030
1037
1042
1032
17204
1031
1035
1028
1137
1038
1039
17207
1062
1047
1040
1121
1123
1145
1122
1083
1124
1059
1011
1012
1021
1043
1053
1084
1091
17209
1125
1006
1051
1000
1074
1071
1086
1049
1004
1069
1022
1070
1116
1114
1003
1056
1050
1151
1106
1092
11128
1065
1105
11129
1099
1104
1155
1073
1048
1109
1131
11152
1046
1107
11145
1063
8576
8577
8578
8579
8580
8581
8583
8584
8585
8586
8587
8591
8592
8606
8610
8621
8638
8639
8640
8641
8642
8643
8644
8622
8588
8590
8607
8647
8609
8648
≤‚ ‘
6567
1001
11126
1117
1119
6568
1118
1126
1127
1014
1015
11127
1018
1016
1019
1020
1023
1017
1120
1024
1025
1007
1029
1044
1030
1037
1042
1028
1031
1002
1009
1035
1137
1038
1039
1062
1003
1047
1040
1046
1051
1121
1123
1145
1122
1050
1083
1124
1059
1091
1092
11128
1006
1125
1065
1026
1005
11149
1012
1084
1151
1105
1106
11129
11146
11152
11178
1011
1022
1049
1021
1004
1043
1053
1069
1070
1114
1116
1153
1057
1027
1136
1073
11151
1115
11144
1131
17222
8576
8577
8578
8579
8580
8581
9496
1139
9495
9494
9499
9498
1099
1104
1098
1101
8583
8585
8586
8587
8588
8584
8590
1077
1076
1079
17229
8591
8592
17249
8606
1142
8607
8609
9492
9493
9497
17125
8608
8610
8621
8622
8638
8639
8640
8641
8642
8643
8644
8645
8646
17250
8647
8648
8649
8623
1525
17267
17268
17269
10679
8633
9528
9529
1138
≤‚ ‘
6567
1001
11126
1117
6568
1119
1118
1126
1127
1014
1015
11127
1018
1016
1020
1019
1023
1007
1017
1120
1024
1025
1029
1044
1030
1037
1031
17204
11142
1009
1032
1003
1028
1035
1038
1137
1042
1039
1062
1047
1040
1046
1121
1123
1145
1049
1006
1053
1043
1034
1074
1000
1051
1011
1122
1091
1092
1109
1050
1083
1124
1084
1059
1151
1125
11128
1065
1099
1104
1098
1101
1105
1106
11129
1107
8576
8577
8578
8579
8580
8581
8583
8584
11176
8585
8586
8587
8590
8588
8591
8592
8606
17124
8610
8621
8622
8609
8607
8608
8638
8639
8640
8641
8642
8643
8644
8645
8646
8647
8648
8649
8593
11076
8594
9718
11075
10344
17082
11088
11087
17965
17088
8596
8601
10303
11077
11078
≤‚ ‘
6567
1001
11126
1117
6568
1119
1118
1126
1127
1014
1015
11127
1023
1020
1019
1016
1018
1017
1120
1007
1024
1025
1029
1044
1002
1005
1030
1037
1031
1042
1028
1003
1137
1035
1039
1047
1062
1048
1145
1123
1121
1122
1006
1022
1049
1043
1116
17209
1070
1000
1074
1071
1040
1046
1051
1050
1083
1124
1084
1059
1151
1038
1091
1092
1125
11128
1065
1099
1104
1105
1106
11129
1107
1109
1098
1101
1011
1009
11142
1154
1032
1054
8576
8577
8578
8579
8580
8581
8583
8584
8585
8586
8587
8588
8590
8591
8592
17124
8606
8607
8608
8609
8610
8621
8622
8638
8639
8640
8641
8642
8643
8644
8645
8646
8647
8648
8649
9492
9494
9495
9499
9498
9493
9497
9496
9528
9683
8623
1525
10679
10684
9529
1142
1079
8633
1138
≤‚ ‘
6567
11126
1118
1126
1127
1014
1015
11127
1001
1117
6568
1119
1016
1019
1020
1023
1017
1120
1007
1024
1025
1044
1030
1037
1031
1028
17204
1027
1042
1038
1137
1039
1035
1047
1059
1029
1062
1040
1121
1123
1145
1083
1124
1051
1122
17209
1050
1091
1092
1125
11128
1084
1041
1151
11142
1002
1043
1006
1012
1021
1004
1053
1105
11129
1034
1065
1011
1022
1049
1070
1069
1114
1116
1000
1074
1071
1086
1099
1098
1154
1155
1153
1104
1101
1107
1046
1009
11144
11179
1131
1130
17223
1106
17229
1109
17235
17230
8576
8578
8579
8577
8580
8581
8583
8585
8586
8587
1076
1139
8584
8588
8590
9496
8591
8592
9495
9494
9499
8635
8624
11176
9498
11153
8606
8607
8621
8610
8609
8608
17124
8638
8639
8641
9493
9492
8622
8643
8640
8642
8644
8645
9497
8646
8647
8648
8649
17251
17264
11076
9715
8593
8594
9718
17088
11087
10344
11088
17082
8596
8601
11077
11083
11078
10303
8595
17965
11079
8602
11089
17085
8603
8600
≤‚ ‘
6567
1001
11126
1117
6568
1119
1118
1126
1127
1014
1015
11127
1018
1016
1019
1020
1023
1007
1017
1120
1024
1025
1029
1044
1030
1037
1031
1042
1028
1035
1137
17204
1027
1038
1083
1124
1039
1062
1084
1059
1047
1040
1051
17207
17208
1128
11141
1032
1008
1055
1121
1123
1145
1046
1122
1050
1091
1092
11128
1151
1125
1065
1022
1049
1069
1004
1105
11129
17209
1058
1034
1012
1011
1006
1021
1043
1116
1070
1114
1153
1000
1074
1086
1071
1053
1152
1057
1099
1098
1106
1107
1101
1104
1056
1132
1154
1005
11147
17223
10920
1109
8576
8577
8578
8579
8580
8581
8583
8585
8586
8587
8584
8590
8591
8592
8606
8609
8610
8621
8622
8638
8588
8639
8640
8641
8642
8643
8644
8645
8646
8647
8648
8649
8607
8608
9492
9493
9494
9495
9499
9498
9497
9496
17265
≤‚ ‘
6567
1001
11126
1117
6568
1119
1118
1126
1127
1015
1014
11127
11145
1020
1018
1023
1016
1019
1005
1024
1025
1044
1017
1120
1030
1037
1042
1028
1007
1029
1031
1039
1035
1137
1062
1047
11144
1040
1121
1123
1145
1083
1091
1051
1122
1124
1084
1059
1151
1092
1125
11128
1065
11143
11142
1050
1038
1046
1099
1104
1098
1101
1105
1106
1107
1032
11129
1003
1154
1048
1006
11147
1109
8576
8577
8578
9496
8579
8580
8583
8584
8585
17125
8586
8587
8591
17250
8607
8581
8588
8590
8592
8606
11076
8594
17088
9718
11087
11088
17082
8602
11079
8603
17085
10303
8596
≤‚ ‘
6567
1001
11126
1117
6568
1119
1118
1126
1127
1014
1015
11127
1018
1016
1019
1020
1023
1007
1017
1120
1024
1025
1029
1044
1030
1037
1031
1042
1028
1035
1137
1038
1002
1009
1083
1124
1084
1039
1047
1059
17207
1062
1040
1121
1123
1145
1051
1122
1046
1151
1021
1004
1012
1034
17209
1058
1091
1092
1125
1050
11128
1065
1000
1074
1071
1105
11129
1099
1104
1098
1101
1106
1107
1109
1026
11145
8576
8577
8578
8579
8580
8581
8583
8584
8585
8588
8586
11176
8587
8590
8591
8592
8606
17124
8607
8608
8609
8610
8621
8622
8638
17251
8639
8640
8641
8642
8643
8644
8647
8648
8649
8645
8646
9496
11141
1043
1055
1011
1154
1155
11076
8594
17082
9718
11087
8596
8601
10303
11077
11078
8602
11091
11079
8604
10344
11083
11088
8600
17085
11089
≤‚ ‘
1126
1127
1014
1015
11127
1018
1016
1019
1020
1007
1023
1017
1120
1024
1025
1029
1044
6567
1001
11126
1117
6568
1119
1118
1030
1037
1031
1042
1028
1035
1038
1137
17204
1027
1039
1062
1047
1040
1048
17207
17208
1083
1124
1059
1051
1046
1121
1123
1145
1122
1050
1084
1151
1091
1092
1125
1065
11128
1012
1049
1043
1053
1069
1011
1105
1106
11129
1006
1022
1021
1004
1057
1070
1116
1114
1153
1099
1058
17209
1034
1107
1098
1101
1104
1000
1074
1071
1086
11154
8638
1139
1109
11153
1026
1032
11145
11152
1009
17223
8576
8577
8578
8579
8580
8581
8583
8584
8585
8586
8587
8591
8592
8590
8588
8606
1142
1144
1077
8614
1138
11160
17229
11156
11176
8639
8611
8612
8617
8619
8627
8624
8620
8626
8643
8618
1078
1079
17230
1076
8628
8615
8625
8621
8610
8641
17124
8640
8607
8608
8609
8622
8642
8644
8645
8646
8647
8649
8648
17267
17268
17269
≤‚ ‘
6567
1001
11126
1117
6568
1119
1118
1126
1127
1014
1015
11127
1018
1016
1019
1020
1023
1007
1024
17204
1027
1017
1120
1025
1029
1044
1030
1037
1031
1028
1035
1042
1038
1137
1083
1124
17207
1039
1062
1047
1040
1046
1121
1123
1145
1051
1011
1012
1004
1070
1122
17209
1050
1084
1059
1151
1091
1092
1125
1000
1074
1071
1086
1072
11128
1005
1009
11141
1043
1048
1065
1099
1104
1098
1101
1105
1106
11129
1107
11144
1130
17223
1109
8576
8577
8578
8579
8580
8581
11176
8583
8584
8585
8586
8587
8588
8590
8591
8592
8606
8607
8608
17124
8609
8610
8621
17251
8622
8638
8639
8640
8641
8642
8643
8644
8645
8646
8647
8648
8649
17265
11076
8594
17088
9718
10344
11087
11088
17082
17965
8601
10303
11077
8596
11078
11083
≤‚ ‘
6567
1001
1126
1127
1014
1015
11127
1018
1019
1020
1023
1016
1007
11126
1117
6568
1119
1118
1005
1128
1017
1024
1025
1029
1044
1030
1037
1031
1042
1028
1137
1035
1040
11149
1012
1026
1038
1039
1062
1047
1121
1032
11146
11152
1123
11142
11178
1145
1122
1009
1043
17222
1058
1083
1124
8576
8577
8578
8579
8580
8581
17249
8583
8584
8585
17125
8586
8591
8587
8592
8606
17250
8610
8621
8607
8608
8609
8588
8590
8638
8639
8640
8641
8642
8643
8644
8645
8646
8647
8648
8649
8622
≤‚ ‘
11126
1118
6567
1001
1117
6568
1119
1126
1127
1014
1015
11127
1007
1120
1042
1018
1016
1019
1023
1020
1017
1024
1025
1037
1030
1039
1029
1031
1044
1028
1137
1009
11143
11141
1008
1128
1064
1035
1038
1041
1062
1047
1040
1046
1051
1121
1123
1145
1122
1050
1083
1005
17222
17229
1084
1059
1091
1092
1109
8576
8577
8578
8579
8580
8581
11176
8583
8584
8585
8588
8590
8606
8591
8592
17124
8607
8608
8609
8610
17251
8621
8622
8638
8639
8640
1124
1151
11128
1065
1099
1104
1098
1101
1105
1106
1107
8641
8642
8643
8644
8645
8646
11076
9718
8594
17082
11087
11078
8601
10303
11088
10344
8596
8595
11090
11077
11091
11079
≤‚ ‘
6567
1001
11126
1117
1119
1118
6568
1126
1127
1014
1015
11127
1018
1016
17204
1019
1020
1023
1017
1007
1120
1024
1025
1044
1029
1030
1037
1031
1035
1070
1043
1071
1028
1038
1137
1039
1062
1047
1042
1040
1046
1109
1051
1121
1123
1145
1122
1050
1083
1124
1084
1059
1091
1092
1125
11128
1065
1099
1104
1098
1101
1105
1106
1107
11143
1009
1151
11129
11141
1032
8576
8577
8579
8580
8581
8578
8583
8584
8585
8586
8587
8592
8591
8588
8590
17124
8606
8621
8607
8608
8609
8610
17251
1005
1049
11145
1008
18080
1026
1011
1041
≤‚ ‘
6567
1001
11126
1117
6568
1119
1118
1126
1127
1014
1015
11127
1009
1128
1018
1016
1019
1020
1023
1007
1017
1120
11141
1024
1025
1029
1044
1030
1037
1042
1008
1028
1035
1038
1137
1055
1031
1039
1062
1047
1040
1051
1121
1123
1145
1006
1132
1122
1083
1124
1084
1059
1050
1091
1092
11128
1125
1046
1151
1065
1003
1154
1155
1105
1099
1104
1098
11129
1106
1101
1131
1049
1053
1147
17222
1108
1116
1109
8576
8577
8578
8579
8580
8581
8583
8585
8586
8587
8588
8584
8590
8591
8592
8606
8649
8648
8647
8638
8639
8640
8641
8607
8608
8642
8643
8644
8610
8621
8645
8646
8622
8609
11076
8593
8594
9715
9718
11087
17088
17082
11077
10344
10303
11090
8602
11079
8596
8600
8603
11078
11088
≤‚ ‘
6567
1001
11126
1117
1118
6568
1119
1126
1127
1014
1015
11127
1016
1019
1020
1007
1017
1023
1120
1024
1025
1018
1029
1044
1030
1037
1028
1031
1042
1035
1137
1038
1039
1062
1047
1145
1040
1121
1123
1051
1122
1083
1124
1046
1059
1050
1084
1151
11141
11142
1091
1043
1041
1092
11128
1065
11153
1011
1125
1099
1098
1104
1101
1005
1009
1132
1006
1021
1105
1154
11129
1106
1107
1109
1033
1155
1012
1128
1131
11179
1022
1049
1004
11146
17222
1114
17229
8576
8577
8578
8579
8581
8580
8583
8584
8585
8586
8587
8590
8588
8591
8592
8606
8610
8621
8622
8638
8643
8641
8640
8642
8644
8645
8639
8646
8607
8608
8647
8648
8649
8609
8593
9715
11076
10345
17963
9718
8594
17088
10344
11087
11088
17082
17965
11077
10303
11091
11079
8602
17103
8596
≤‚ ‘
6567
1127
1001
1037
11145
11126
1117
6568
1126
1042
1014
1015
1018
1016
1019
1020
1024
1025
1029
1044
1030
1028
1137
1038
1039
1062
1047
1046
1040
1119
1023
1017
1121
1123
1122
1050
1083
1084
1059
1091
1092
1065
1099
1128
1009
11141
1145
1125
1007
1109
8583
8576
8577
8578
8579
8580
8581
8584
11176
8585
8588
8590
8591
8592
8606
8607
17124
8609
8608
8622
8610
8621
8586
8587
8638
8639
8640
8641
8642
8643
8644
8645
8646
8647
8648
8649
17251
9718
8594
11076
11083
8601
10344
10303
11088
11078
11090
8595
8596
11077
17082
11087
1003
≤‚ ‘
1001
6567
11126
1117
6568
1119
1118
1126
1127
1014
1015
11127
1128
11141
1018
1016
1019
1020
1023
1007
1017
1120
1024
1025
1029
1044
1030
1037
1031
1042
1043
1028
1035
1137
1038
1039
1062
1040
1047
1051
1121
1046
1123
1145
1122
1083
1124
1084
1059
1151
1091
1092
11128
1065
1006
1073
1125
1050
1026
1033
1099
1104
1098
1101
1105
1106
11129
1107
1005
1058
1064
1132
1011
1022
1012
1021
1049
1004
1053
1153
1069
1070
1116
1149
17222
11153
17229
17230
17235
8576
8577
8578
8579
8580
8581
8583
8584
8585
8586
8587
8590
8588
8591
8592
8606
8609
8610
8621
8622
8638
8639
8640
8641
8642
8643
8644
8645
8647
8648
8649
8607
8608
≤‚ ‘
6567
1001
11126
1117
6568
1119
1118
1126
11127
1014
1018
1127
1015
1016
1019
1020
1023
1007
1017
1120
1024
1025
11145
11146
1044
1029
1030
1037
1028
1035
1038
1005
1031
1137
1042
1002
11141
1043
1012
1039
1083
1124
1059
1047
1040
1062
1084
1121
1123
1145
1091
1128
11144
11152
11128
1122
1105
1050
1092
1151
1065
1125
1009
1131
11129
17222
8576
1109
8577
8578
17249
8579
8580
8581
8583
17125
8585
17250
8647
8648
8649
8584
8586
8587
8588
8590
8591
8592
8606
8607
8608
8609
8610
8621
8622
8638
8640
8641
8642
8645
8639
8643
8644
8646
9492
9493
9494
9495
9496
9497
9498
11076
8594
9718
10344
17082
8596
11077
11078
11087
17088
10303
11088
10343
8602
11091
11079
17103
8600
8603
17965
8601
11083
8605
17086
17085
11089
≤‚ ‘
6567
1001
11126
1117
1126
1127
11127
1014
1015
6568
1119
1118
1007
1018
1016
1020
1019
1023
1017
1120
1024
1025
1029
1030
1044
11145
11146
1028
1042
1031
1037
1035
1137
1039
1005
1062
1128
11141
1003
1055
1047
1040
1012
8614
1038
1121
1123
1145
1122
1083
1124
1084
1091
1059
1125
1092
11128
1065
1151
1051
1050
1027
1021
1046
1011
1154
1032
1132
1155
8619
1006
1049
1004
1043
1053
1069
1070
1114
1022
1105
1106
11129
1099
1104
1098
11179
1101
17222
1113
17235
17229
17230
17225
17243
17244
1107
1109
8576
8577
8578
8579
8580
8581
8583
8585
8641
1076
1139
8615
9683
8623
8584
8587
8586
8591
11176
8592
8621
8642
8640
8643
8639
8638
8610
8590
8588
8647
8606
8607
8608
8609
8611
1079
17124
1525
8622
9492
9493
9494
9495
9496
9497
9498
9499
8644
8648
8649
8645
8646
17251
17263
8593
17267
17268
17269
1078
9528
9529
17983
1142
10679
8633
10684
1138
8626
8628
9524
9527
9530
11057
11054
9525
≤‚ ‘
6567
1001
11126
1117
6568
1119
1118
1126
1127
1015
1014
11127
1002
11143
1018
1016
1019
1020
1023
1007
1017
1120
1024
1025
1044
1030
1037
1029
1035
1031
1042
1043
1028
1137
1038
1039
1048
1124
1083
1062
1047
1121
1145
1122
1050
1091
1005
1009
1132
1021
1059
1123
1084
1151
1092
1125
11128
1040
1065
1006
1155
1046
1051
1105
1106
11129
1107
1026
1003
1099
1098
1104
1101
1012
1049
11179
11146
1063
17222
11152
8576
8577
8578
8579
8581
8583
8585
8586
8587
8584
8610
8621
8580
8606
8607
8608
8591
8592
8588
8622
8638
8639
8641
8642
8643
8590
8644
8640
17963
10345
11075
9718
11087
17082
17965
10344
11088
10303
8594
11077
11078
8602
17103
11079
11091
17964
8596
≤‚ ‘
1001
6567
11126
1117
6568
1119
1118
1126
1127
1014
1015
1018
1016
1019
1020
1023
11127
1007
1017
1120
1024
1025
1030
1037
1042
1029
1044
17204
1028
1035
1137
1038
1083
1124
1059
1039
1047
1040
1062
1145
1121
1123
1091
1092
11128
1125
1065
1084
1021
1043
17209
1151
1031
1122
1074
1071
1000
1086
1051
1050
1005
1002
1008
1048
1006
1154
1106
1046
1099
1104
1098
1101
1105
11129
1107
11144
1064
1026
17223
1109
8576
8577
8578
8579
8580
8581
8583
8585
8584
8586
8587
11176
8591
8592
8590
8588
8606
17124
8607
8608
8610
8621
8622
17251
8638
8639
8640
8609
8641
8642
8643
8644
8645
8646
8647
8648
8649
9718
10344
8594
11076
17088
11087
11088
17082
17965
11077
8596
11091
10303
11078
≤‚ ‘
11126
1118
11127
1007
1001
6567
1117
1119
6568
1017
11145
1127
1126
1014
1018
1016
1019
1020
1120
1023
1137
1030
1024
1025
1005
1044
1037
1029
1015
1042
1031
1028
1035
1038
1039
1062
1047
1040
11144
1121
1123
1145
1122
1051
1050
1046
1083
1124
1084
1059
1006
1011
1012
1022
1049
1021
1043
1004
11146
11152
1151
1091
1092
1125
11128
1065
1105
1106
11149
1109
8576
8577
11176
8578
8579
8580
8581
8583
8584
8585
8586
11153
8587
8588
8590
8591
8592
8606
17124
8607
8608
8609
8621
8610
17251
8639
8641
8640
8642
8622
8638
8643
8644
8645
8646
8647
8648
9492
8649
11076
9718
17082
11087
8594
10344
11088
17088
8596
8601
10303
11077
11078
11083
11091
8602
11079
8603
17085
≤‚ ‘
6567
1001
11126
1117
6568
1119
1118
1126
1127
1014
1015
11127
1018
1016
1019
1020
1023
1007
1017
1120
1024
1025
1029
1044
1030
1037
1031
1042
1028
1035
1137
1038
1083
11141
11142
1032
1043
1055
17204
1027
1039
1062
1047
1040
17207
17209
1051
1121
1123
1145
1046
1122
1006
1050
1124
1084
1059
1151
1155
1091
1092
1125
11128
11153
1022
1021
1004
1053
1011
1065
1058
1034
1000
1074
1071
1086
1072
1099
1104
1098
1101
1105
1012
1049
1057
1069
1116
1153
1070
1114
1128
11144
1106
1131
1090
17223
11129
17229
17230
17235
1109
8576
8577
8578
8579
8580
8581
8583
8585
8586
8587
8584
8588
11176
8590
8591
8592
8606
17243
17124
8607
8608
8609
9493
8610
8621
8622
8638
8639
17251
8640
8641
8642
8643
8644
8645
8646
8647
8648
8649
17264
11076
17267
17268
8594
17088
11087
9718
17082
10344
11088
17269
8595
8596
8600
8603
8601
10303
11079
8602
11078
≤‚ ‘
6567
1001
11126
1117
6568
1119
1118
1126
1127
1014
1015
11127
1018
1016
1002
1005
1019
1020
1023
1007
1017
1120
1024
1025
1029
1044
1030
1037
1031
1042
1003
1009
1028
1035
1137
1038
1039
1128
11144
11178
1062
1047
1006
1043
1070
1021
1049
1114
11147
1132
1026
8576
17249
8577
8578
8579
8580
8581
17125
8583
8584
8585
8587
8591
8592
8606
17250
8607
8588
8645
≤‚ ‘
1001
6567
11126
1117
1119
1118
6568
1126
1014
1015
1127
1016
1018
1020
1019
1023
1024
1044
1029
1025
1017
1007
1120
1030
1031
1037
1042
1028
1137
1039
1047
1062
1040
1121
1123
1145
1035
1122
1083
1050
1084
1132
11127
1124
1151
1008
1091
1059
1092
1125
11128
1065
1106
1105
1005
1049
1038
1009
1131
1012
1006
1070
1021
1043
1011
1022
1004
1053
1069
1114
1116
11146
1046
1051
7646
7647
7648
7649
7650
7651
7652
7653
7654
7657
7659
8576
8577
8578
8579
8581
8580
8583
1099
8584
8585
8587
8591
8592
8586
8606
8607
8609
8610
8621
8622
8641
8638
8588
8590
8647
8648
8649
8639
8640
8642
8645
8608
8643
8644
8646
9492
9493
9494
9495
9496
9497
9498
9499
17267
17268
17269
1135
1026
≤‚ ‘
1126
11127
1127
1015
1019
1020
1023
6567
1009
1001
1014
1007
1017
1016
11126
6568
1117
1024
11141
1025
1029
1044
17204
1027
1030
1037
1042
1028
1035
1008
1038
1039
1062
1040
1041
1021
1043
1053
1034
1000
1074
1071
1086
1051
1121
1123
1145
1122
1050
1083
1124
1091
1092
11128
1065
1099
1104
1098
1101
1109
1105
1106
11129
1107
1125
1031
1120
1137
1047
1046
1151
1059
1131
1054
8577
8576
8578
8579
8580
8581
8583
8584
8585
8586
8587
8588
11176
8591
8592
8590
17124
8606
8607
8608
8609
8610
8621
8622
17251
8638
8639
8640
8641
8642
8643
8644
8647
8645
8646
8649
8648
8593
11076
9718
11087
8594
17088
10344
11088
17082
17965
11083
8601
11078
11077
10303
11079
≤‚ ‘
6567
1118
1001
11126
1117
1127
1126
1014
1015
11127
1119
11141
1002
6568
1007
1018
1019
1020
1017
1024
1025
1120
1044
1030
1016
1042
1003
1037
1028
1035
1029
1038
1048
1039
11142
1005
1064
1083
1124
1059
1151
1084
1026
1040
1128
11146
11152
11178
1091
1056
11128
1021
11149
11147
17222
1137
1092
1125
8578
8576
8577
8579
8580
8581
8583
8585
8584
10306
17249
8586
8587
8588
8591
8592
8606
8609
17125
8610
8607
9496
8621
8622
8639
8640
8638
8641
17250
8642
8643
8644
8645
8590
8647
8648
8649
8646
17267
17268
17269
9529
9528
8623
1099
1098
1101
1104
1105
1106
1107
11129
1079
1138
1525
10684
9683
10679
1142
8633
1077
1144
8615
9715
8634
≤‚ ‘
11126
6567
1001
1117
6568
1119
1118
1126
1127
1014
1015
11127
1128
1009
1020
1023
1007
1017
1120
1024
1025
1019
1016
1044
1029
1030
1037
1042
1003
1028
1035
1039
1137
1031
1062
1047
1040
1123
1121
1038
1048
1018
1145
1051
1122
1083
1124
1084
1059
1005
1006
1114
1132
1091
1092
1125
1154
1050
1151
11128
1105
1065
1046
11129
1070
1099
1004
1043
1106
1104
1098
1101
1107
1012
1049
1053
1058
11144
17222
1115
8576
8577
8578
8579
8580
8581
8583
8584
8585
8586
8587
8588
8590
8591
8592
8606
8607
8608
8609
8610
8621
8622
8638
8639
8640
8641
8642
8643
8647
8645
8646
8644
8649
8648
≤‚ ‘
6567
1001
11126
1117
6568
1119
1118
1127
1014
1015
1126
11127
1005
11142
1019
1020
1023
1007
1024
1025
1120
1017
1018
1016
1029
1030
1044
1037
1028
1035
1038
1137
1031
1039
1009
1012
11141
1043
1041
1042
1121
1083
1091
1006
1011
1049
1021
1070
1069
1022
1047
1062
1040
11144
1128
11178
1026
1053
1123
1145
1122
1004
1124
1084
1151
1136
1072
11147
11151
11145
1105
11129
1050
1059
1092
1125
11128
1065
17222
1106
17229
1046
1051
8576
8577
8578
8579
8580
8581
17249
1107
1099
1104
1098
1101
8606
17125
8583
8584
17250
8585
8586
8587
8588
8590
8591
8592
8607
8608
8609
8610
8621
8622
8638
8639
8640
8641
8642
8643
8644
8645
8646
8647
8648
8649
9492
17267
17268
17269
≤‚ ‘
6567
1001
11126
1117
6568
1119
1118
1126
1127
1014
1015
11127
1018
1016
1019
1020
1023
1007
1017
1120
1024
1025
1037
1031
1042
1030
1044
1028
1029
1035
1038
1083
1124
1084
1059
1151
11142
1005
1032
1003
1055
1039
1062
1047
1040
1046
1051
1121
1145
1123
1137
1122
1050
11128
1006
1154
1091
1092
1065
1125
1069
1012
1105
11129
1106
1021
1027
8623
1099
1104
1098
1101
1107
1009
11145
9510
1142
10692
1109
8611
8617
9505
8626
11153
11159
1114
1049
1053
1070
1116
1153
11154
11160
11157
9508
1011
1022
1004
1043
1152
9501
1135
17222
17229
17235
17230
17243
17225
17228
8576
8578
8577
8579
8580
8581
8583
8584
8585
8586
8587
8588
8590
8591
8592
8606
11176
8607
8608
8609
8610
8621
8622
8638
8639
8640
8641
8642
8644
8645
8646
17251
8647
8648
8649
9492
9493
9494
9495
9496
9497
9498
9499
8643
17263
9683
10679
8633
17082
8594
9718
11076
11088
10344
11087
11077
8596
8595
11090
11078
10303
8601
17103
8602
≤‚ ‘
11126
1118
11127
1007
1001
6567
1117
6568
1119
1126
1127
1014
1015
1017
1120
11141
1128
1018
1016
1019
1020
1023
1032
1024
1025
1030
1031
11145
11146
1029
1044
1042
1037
1043
1028
1035
1137
1038
1039
1055
1083
1124
1059
8614
1084
1005
1062
1047
1040
1051
1046
1006
1121
1145
1021
1027
1123
1050
1122
1073
1151
1091
11128
1065
1155
1092
11156
1125
1064
1099
1098
1105
11129
1106
1104
1101
1107
1011
1012
1022
1049
1004
1053
1069
1070
1116
1114
11153
1152
1153
11075
1033
1057
8619
8611
8626
1009
1131
1071
11179
1026
11149
17222
17229
1109
8576
9496
1139
17249
8577
8578
8579
8580
8581
8583
8584
8585
8586
8587
8590
8591
8592
17125
8606
11176
8623
17250
8607
8588
8608
8609
8610
9528
1142
1079
9683
1525
10679
10684
9529
8633
1138
8593
9715
10345
11076
8594
9718
17963
8596
8601
10303
11077
11078
11083
8595
9714
10304
10343
11082
11087
11088
17082
11091
8602
8603
11089
17085
≤‚ ‘
6567
1001
11126
1117
6568
1119
1118
1126
1127
1014
11127
1015
1018
1016
1019
1020
1023
11141
11142
1007
1017
1120
1032
1024
1025
1029
1044
1030
1037
1031
1042
1008
1028
1083
1035
1137
1038
1124
1055
1084
1059
1151
1039
1062
1047
1040
1091
1121
1123
1145
1092
1122
11128
1046
1051
1009
1065
1050
1125
1011
1105
1106
1006
1012
1022
1021
1049
1043
1004
1053
1070
1116
11129
1107
1026
1099
1104
1098
1101
11153
11152
17222
1109
17229
17235
17230
8623
8576
8577
8578
8579
8580
8581
8583
8584
8585
8586
8587
8588
8591
8592
8590
1525
9528
8606
9495
1142
9499
8641
9492
8607
8608
9683
8621
8610
9493
17225
9529
9496
10679
8609
9494
9497
9498
8638
10684
8639
8622
8640
8642
8643
1079
8645
8633
8647
8646
8648
8649
8644
17251
8614
17252
1138
17267
17268
17269
1139
1076
11076
10345
8593
9718
8594
10344
17086
11087
17082
17088
17965
11088
11077
10303
8596
11078
11091
11079
8602
17103
8601
8595
11083
8603
8600
17085
11089
≤‚ ‘
1024
1025
1023
1020
1016
1019
11127
1015
1014
1127
1126
1120
1044
1030
1037
1017
1007
1029
1028
1062
1042
1031
1039
1047
1040
1121
1123
1145
1050
1083
1059
1091
1124
1051
1122
1092
1125
11128
1065
6567
1001
11126
6568
1117
1049
1074
1071
1000
1119
1118
1018
1137
1084
11129
1105
1099
1035
1038
1046
1151
1104
1106
1098
1101
11145
1107
1026
11144
1155
1011
17223
1109
8576
8577
8578
8579
8580
8581
8583
8585
8586
8587
8591
8592
8584
8606
8610
8622
8621
8638
8639
8640
8641
8590
8607
8608
8642
8643
8644
8645
8646
8647
8648
8649
8609
8588
9492
9493
9495
9496
9498
9499
≤‚ ‘
6567
1001
11126
1117
6568
1119
1126
1127
1014
1015
11127
11142
1118
1005
1007
1017
1120
1020
1018
1019
1025
1016
17204
1031
1044
1023
1035
1028
1029
1024
1030
1037
1042
1137
1038
1039
1062
1047
1040
1121
1145
1122
1050
1124
1123
1059
1083
1046
1091
1092
1051
11128
1151
1008
1041
1125
1065
1084
1006
1000
1074
1071
1086
1072
1057
1011
1049
1053
1069
1152
1043
1070
1114
1004
1153
1022
1021
1116
1012
1099
1105
1104
1098
1101
1109
1106
11129
11146
11179
11149
1073
1113
17223
17221
17235
17229
17230
8625
8624
8576
8577
8578
8579
8580
8581
8583
8585
8586
8587
1142
1139
8617
1077
8619
8588
8584
8590
11153
8641
8643
8610
8621
11176
8638
9496
9499
9495
9494
9498
10679
11085
8591
8592
8606
17124
8607
8608
8609
8622
8639
17251
8642
8640
8644
8645
8647
8646
8648
8649
17264
10674
17268
17267
17269
8614
8612
8594
9718
11076
17088
11087
17965
10303
11091
8602
11079
11077
17082
11078
8596
11088
≤‚ ‘
6567
11126
1118
1126
1001
1117
6568
1119
1127
1014
1015
11127
1018
1016
1019
1020
1023
1007
1017
1120
1024
1025
1030
11145
1029
1044
1037
1031
1042
1028
1035
1038
1137
1083
1124
1084
1059
1039
1062
1151
1047
1040
1046
1121
1123
1145
1122
1009
1064
11149
11142
1005
1032
1008
1051
1041
1050
1091
1092
1125
11128
1065
1105
1106
11129
1107
1099
1128
11152
1104
1101
1098
1049
1109
8576
8577
8578
8579
8580
17249
8581
8583
8584
8585
8586
8587
8588
8592
8590
8591
8606
8607
8638
8608
8609
8610
8621
8622
8639
8640
8641
8642
8643
8644
8645
8646
8647
8648
8649
9492
17267
17268
17269
8593
11076
8594
9718
11087
11088
17082
8596
8601
17088
10303
11077
11078
11091
8602
11079
11083
8595
18068
8603
17085
11089
≤‚ ‘
6567
1001
11126
1117
6568
1119
1118
1015
1127
1126
1014
11127
1018
11142
11143
1016
1019
1020
1023
1007
1017
1120
1024
1025
1026
11146
1029
1044
1030
1042
1037
1031
1038
1128
11145
11147
1040
1005
1136
11150
1028
1035
1137
1039
1062
1047
1121
1123
8576
1145
1122
1050
1083
1124
1084
1059
1151
1091
1092
1125
11128
1065
1099
1104
1098
8577
8578
8579
8581
8580
8583
8584
8585
8586
8587
8588
8590
8591
8592
8606
17125
8609
17250
8607
8610
8621
8622
8638
8639
8640
8641
8642
8643
8644
8647
8648
8608
8645
11076
8593
8594
17088
9718
11087
17082
10344
11088
17965
8596
10303
11077
11078
8602
11079
8600
8603
≤‚ ‘
6567
1001
11126
1117
6568
1119
1118
1126
1127
1014
1015
11127
1018
1016
11145
1019
1020
1023
1007
1017
1120
1005
1024
1025
1044
1029
1030
1037
1031
1042
1028
1035
1137
1038
1039
1062
1071
1128
11144
1047
1121
1123
1145
1040
1046
1051
1083
1124
1122
1050
1091
1092
1084
1059
11152
1125
11128
1065
1105
1106
11143
11141
1003
1055
1056
11129
1099
1104
1098
1101
1107
1151
1073
11146
17222
1090
1109
8576
8577
8578
8579
8580
17125
8583
8584
8585
17250
8606
8610
8621
8638
8639
8642
11076
8594
17088
9718
10344
11088
17082
8596
10303
11077
11087
≤‚ ‘
11126
1118
6567
1001
1117
6568
1119
1126
1127
1014
11127
1007
1024
1025
1015
1016
1018
1019
1020
1023
1017
1029
1044
1030
1037
1120
1042
1031
1035
1038
1137
1028
1009
11143
1032
11145
11146
1039
1047
1062
1043
1005
11152
11150
1083
1124
1084
1059
1151
1040
1048
1051
1021
1027
1145
1091
1121
1123
1122
1092
1125
11128
1065
1050
1046
1006
1105
1073
1079
1011
1049
1004
1114
1022
1116
1070
1012
1069
1053
1153
1057
1078
8612
1106
11129
1107
1099
1104
1098
1101
11153
8625
11156
1152
11149
1064
11179
17222
17229
17235
17230
11160
8624
11159
11154
11157
1076
1109
8576
8577
8578
8579
8580
8581
8585
8583
8584
8617
8586
8587
8590
1077
1139
9503
9508
9506
9505
10674
8623
8627
11176
8626
8614
8611
11075
10688
10692
8591
8592
1142
8628
8629
8635
9528
9683
1525
8606
9529
8588
17124
8607
8609
8608
8622
8621
8610
8638
8639
1144
17251
17250
8640
8641
8642
8643
8644
8646
8645
8647
8648
8649
17263
8633
10686
9492
9493
9494
9495
9496
9497
17267
8593
9715
11076
10344
9718
17963
11087
10303
8596
17965
8594
17088
17082
11091
11088
8601
11077
8602
11078
≤‚ ‘
6567
1001
11126
1117
6568
1119
1118
1126
1127
1014
1015
11127
1018
1016
1019
1020
1023
1007
1017
1120
1024
1025
1029
1044
1030
1037
1042
1028
1035
11145
11146
1031
1137
1038
1039
1062
1005
1002
1032
1003
1047
1040
11150
1121
1123
1122
1083
1145
1069
1012
1050
1124
1046
1084
1059
1151
1051
1091
1027
1092
11128
1125
1065
1079
1099
1132
11152
1104
1105
1106
1006
1011
1022
1021
1049
1043
1004
1053
1114
1116
1070
1153
1154
1155
1057
11129
1107
1098
1101
1128
11179
17222
1033
17229
17235
17230
1109
8576
8577
8578
8579
8580
8581
8583
8585
8584
8586
11176
8587
8588
8590
8591
8592
8614
8623
1144
8606
8609
17124
8610
8622
8607
8608
8621
17251
8638
8639
8640
8641
8642
8643
8644
8645
8646
8647
8648
8649
11076
8594
9718
17082
8596
10303
11088
11079
8602
11091
8600
10343
8603
8604
17088
11087
10344
11077
11078
11089
17085
≤‚ ‘
11126
1118
11127
1017
1007
1120
1030
1037
6567
1001
1117
6568
1119
1126
1127
1014
1015
1018
1016
1019
1020
1023
1024
1025
1029
1044
1031
1042
1028
11145
11146
1035
1137
1039
1062
1047
1005
11152
1040
1038
1046
1048
1124
1051
1002
11141
1003
1083
1084
1059
1121
1123
1151
1145
1069
1122
1050
1091
1021
1027
1092
1125
11128
1065
1105
1106
11129
1009
1012
1099
1104
1101
1011
1006
1022
1049
1004
1043
1053
1070
1098
1107
17222
1153
8576
8577
8578
1109
8579
8581
8580
8584
8583
8585
8586
8587
8590
8588
17249
8591
8592
8606
8607
8608
8609
8610
8621
8638
8639
8640
8641
8642
8643
17250
8644
8645
8646
8622
8647
8648
8649
17267
17268
17269
8593
11076
10345
8594
9718
10344
11087
11088
17088
17082
8601
10303
11078
8596
11083
11077
11079
8600
≤‚ ‘
1118
11126
11127
1007
1017
1120
1030
1037
6567
1001
1117
6568
1119
1126
1127
1014
1015
1018
1016
1019
1020
1023
1024
1025
1029
1044
1028
1042
1137
1038
1035
1031
1039
1062
1047
1040
1046
1051
1121
1123
1145
11145
11146
1050
1083
1124
11143
1005
1032
1122
1084
1059
1151
1091
1092
11128
1125
1065
1069
1012
1021
1027
1003
1055
1128
11142
1064
11153
1098
1099
1104
1101
1105
1106
11129
1107
11160
1006
1011
1131
11179
1022
1049
1043
1004
1053
1114
1057
1116
1109
1026
17222
17229
17235
17230
17243
8576
8577
8578
8579
8580
8581
8583
8584
8585
8586
8587
8590
8588
11176
8591
8592
8606
8608
8607
8609
17124
8610
8621
8622
8638
8639
8640
8641
8642
8643
8644
8645
17251
8646
8647
8648
8649
17263
8593
9715
9716
10345
11075
11076
17963
17086
8594
17088
9714
9718
10302
10304
10343
10344
11073
11085
11081
17083
11082
11087
17082
11088
8596
8597
8601
10303
9717
11077
11078
11083
10349
11090
8595
17089
11091
8602
11079
17103
8603
8604
11089
≤‚ ‘
6567
1001
11126
1117
6568
1119
1118
1126
1127
1014
1015
11127
11142
11143
1018
1016
1019
1020
1023
1007
1017
1120
1024
1025
1029
1139
1044
1030
1037
1031
1042
1008
1028
1035
1137
1038
1048
8614
1039
1062
1005
11152
1047
1040
1046
1069
1051
1121
1123
1145
1050
1122
1154
1083
1124
1084
1021
1027
1059
1151
1091
1092
1125
11128
1065
1099
1104
1098
1105
1106
11129
1131
1012
11075
8596
1101
8598
9718
11085
1107
11156
11091
1109
1077
9717
1006
1011
1022
1049
1004
1043
1053
1070
1114
1116
1152
1057
8617
1153
8619
8626
1003
8611
11153
11154
1212
1884
1009
17229
17235
17230
8576
8577
8578
8579
8580
8581
8583
9496
8584
8585
8586
8587
8588
8590
8592
9495
17249
8591
8606
9493
8607
8608
9499
9497
9498
9494
17125
11176
17082
8610
8621
9492
8643
8640
8641
8638
8639
8642
8622
8609
8647
8644
8648
17124
17250
9528
8649
8645
17264
17267
17268
17269
10345
8593
17088
11076
11087
8602
17103
10303
17085
≤‚ ‘
11126
1118
11127
6567
1001
1117
6568
1119
1126
1127
1014
1015
1018
1016
1019
1020
1023
1007
1017
1120
1002
11143
1024
1025
1029
1044
1030
1037
1031
1042
1043
1028
1137
1005
11152
1035
1083
1124
1038
1059
1039
1062
1047
1040
1123
1121
1145
1122
1050
1084
1151
1091
1092
11128
1065
11156
1051
1006
1154
1155
11142
1046
1125
1099
1098
1011
1022
1012
1049
1021
1004
1070
1053
1069
1116
1114
1153
1057
1026
1003
1105
11129
11153
8614
8611
1104
1101
1106
1107
1139
1128
11149
1071
11146
1058
17222
17229
17235
17230
1109
8576
8577
8578
8579
8580
8581
8583
8584
8585
8586
8587
9496
9495
9494
9499
9498
17110
8641
8643
17243
8610
8621
8590
17249
8591
9528
8606
17125
11176
8592
9493
9492
9497
8638
8639
17124
8623
8588
8640
8642
8622
8644
8645
8607
8617
8608
8619
1077
8609
17250
8647
9683
8648
8649
10305
17111
6755
6754
10316
8653
8627
8624
10692
8646
17264
1142
11075
11076
8626
11160
1078
8628
9504
6580
17267
17268
17269
10684
1079
1525
10679
9529
8633
17086
10345
1138
17963
8594
17965
9715
9718
17082
17088
11087
10344
17103
8596
8601
11077
10303
8602
11091
11081
11079
≤‚ ‘
1127
1014
1015
1126
1001
6567
11126
1117
6568
1119
1118
11127
1018
1019
1020
1023
1017
1120
1007
1024
1025
1030
1037
1044
1029
1042
1035
1137
1038
1028
1039
1031
1062
1047
1040
17207
1121
1123
1145
1122
1050
1083
1124
1006
1021
1004
1022
1046
1016
1034
1058
1059
1151
1091
1092
1125
11128
1065
1105
1000
1074
1071
1086
11129
1084
1051
1106
1107
1099
1104
1098
1109
1101
1011
1012
1049
1043
1053
1070
1069
1009
8576
8577
8578
8579
8580
8581
8583
8584
8585
8586
8587
8591
8592
8606
8610
8621
8622
8638
8639
8640
8641
8642
8643
8645
8646
8588
8590
8607
8608
8609
8644
8647
8648
8649
8594
9718
11087
17082
10344
11088
17088
17965
10303
11077
8601
11078
11083
11090
8595
11091
11079
8603
8596
≤‚ ‘
6567
1001
11126
1117
6568
1118
1119
1126
1127
1014
1015
11127
1018
1016
1019
1020
1023
1007
1017
1024
1025
1029
1120
1044
1030
1037
1028
1039
1137
1035
1062
1038
1042
1047
1083
1124
1059
1031
1005
11141
1008
1041
1046
1040
1121
1123
1145
1122
1091
1092
11128
1050
1084
1065
1051
1011
1151
1125
1073
1026
1009
11146
1071
11156
11153
10692
11157
1139
1155
11142
1105
1106
11129
1006
1022
1049
1004
1012
1021
1069
1043
1114
1070
1033
10688
1099
1104
1098
1101
8625
1128
1131
1074
11149
1036
1132
1116
17222
8576
8577
8578
8579
8580
8581
8583
8585
8584
8586
8587
8588
8590
1525
9496
9495
9499
9494
9498
8591
8592
17249
8606
8607
1142
8608
8609
17125
8610
8621
9493
17124
8638
8639
8640
17250
8641
8622
8642
8643
8644
8645
8646
8647
8648
8649
8623
10679
1079
≤‚ ‘
6567
1001
11126
1117
6568
1119
1118
1126
1014
1015
1127
11127
1018
1020
1007
1017
1019
1023
1016
1120
1024
1025
1044
1029
1030
1037
1042
1031
1035
1028
1038
1039
17207
1047
1009
1128
11141
1043
1041
1137
1062
1121
1123
1145
1040
1124
1059
1049
1012
1011
17209
1058
1051
1122
1083
1091
1046
1000
1074
1071
1086
11128
1125
1092
1050
1084
1151
1154
1065
1105
1106
11129
1107
11153
8614
1109
1026
11146
1005
1064
1099
17223
1155
1104
1098
1101
17229
17230
17235
8576
8577
8578
8579
8580
8581
8583
8585
8586
8587
8584
11176
8590
8588
8591
8592
8606
8610
8621
17124
8607
8608
8609
8638
8639
8641
8643
8642
17251
8622
8640
8647
8644
8645
8646
8648
8649
11076
11087
9718
10344
17088
17082
8594
8596
8595
8600
8603
17103
8604
11088
11091
8601
10303
11077
≤‚ ‘
6567
1001
11126
1117
6568
1119
1118
1126
1127
1014
1015
11127
1018
1020
1016
1019
1023
1007
1017
1120
1024
1025
1044
1030
1037
1029
1028
1042
1031
1035
1137
1124
1083
1059
1039
1047
1123
1121
1145
1040
1122
1062
1091
11128
1125
1128
11141
1032
1003
1084
1050
1092
1012
1049
1043
1114
1105
11129
1051
17209
1058
1034
1022
1004
1021
1070
1011
1000
1074
1071
1086
1053
1006
1069
1038
1116
1153
1057
1046
1151
1132
1109
1055
1073
1155
1065
8576
8577
8578
8579
8581
8583
8585
8580
8584
8587
8591
8606
8592
8586
8610
8621
8638
8639
8622
8641
8642
8643
8640
1099
1104
8644
17267
17268
17269
≤‚ ‘
6567
1001
11126
1117
6568
1119
1118
1126
1127
1014
1015
11127
1018
1016
1019
1020
1023
1030
1037
1035
1038
1007
1017
1120
1024
1025
1029
1044
1031
1042
1028
1137
1039
1062
1047
1121
1123
1040
1046
1122
1083
1084
1059
1050
1145
1124
1091
1009
1005
1051
1092
1125
1065
11128
1151
1008
1032
1105
1106
11129
11149
1064
11178
1011
1006
1053
1012
1116
1114
1004
1070
1022
1021
1049
1043
1069
1153
1057
1077
1149
1074
1041
11150
11151
1138
11146
17222
17229
1079
8576
8577
8578
8579
8580
8581
1139
1099
1104
8583
8585
8587
1098
1101
8586
8588
8623
8629
9496
8614
1144
8617
9495
1142
1076
8584
8590
9494
9499
9498
8619
8624
1078
8591
8592
17249
8633
8637
8634
8613
8606
8607
10679
8609
8608
17125
9493
9492
9497
8610
8621
8622
8638
8639
8640
8641
8642
8643
8644
8645
8646
17250
8647
8648
8649
17267
17268
17269
1525
9529
9528
10684
9683
18069
1055
1054
≤‚ ‘
11126
1118
11127
6567
1001
1007
1117
6568
1127
1119
1126
1015
1014
1018
1016
1019
1020
1023
1017
1120
1024
1025
1029
1044
1005
1030
1037
1031
1042
1028
1035
1038
1137
1039
1062
1047
1040
1009
11145
1012
1026
1083
1124
1084
1059
1051
1123
1145
1105
1106
11129
1121
1122
1050
11143
1043
1032
1132
1011
1151
1091
1092
1125
11128
1065
1006
1022
1049
1070
1069
1114
1053
1107
1046
1099
1104
1098
1101
1109
8576
8577
8578
8579
8580
17249
8581
8583
8585
8584
8586
8587
8588
8590
8591
8592
8606
17125
8607
17250
8608
8609
8647
8648
8649
8621
8610
8622
8638
8639
8640
8641
8642
8644
8645
8646
8643
9492
9493
9494
9495
9496
9497
9498
9499
17267
17268
17269
11076
8593
10304
8594
9718
11087
11088
17082
10344
11077
11090
10303
17965
8596
11083
11078
8595
11091
≤‚ ‘
1118
6567
1001
11126
1117
6568
1119
1126
1127
1014
1015
11127
1018
1016
1019
1020
1023
1007
1017
1120
1024
1025
1029
1044
1042
17204
1027
1030
1037
1031
1035
1028
1137
1038
1039
17207
17208
1062
1047
1145
1123
1040
1011
1004
1021
1012
1053
17209
1000
1074
1071
1086
1121
1125
1122
1109
1105
11129
1107
1106
1099
1104
1098
1065
11128
1092
1091
1151
1059
1084
1124
1083
1050
1051
1131
17223
8576
8577
8578
8579
8580
8581
11176
8583
8584
8585
8586
8587
8592
8588
8590
8591
8606
17124
8607
8608
8610
8609
8621
8622
8638
17251
8639
8640
8641
8642
8643
8647
8648
8644
8645
8646
8649
11076
8594
11075
9718
17088
10344
9714
11087
17082
17965
11088
10303
8596
11077
8601
11078
11083
≤‚ ‘
6567
1001
11126
1117
1119
6568
1118
1126
1127
1014
1015
11127
1016
1020
1019
1023
1007
1017
1120
1018
1024
1025
1029
1044
1030
1037
1042
1028
1137
1009
1002
1039
1035
1038
1062
1083
≤‚ ‘
11127
11126
1118
1017
1007
1120
1030
1037
1031
1042
6567
1001
1117
6568
1119
1126
1127
1014
1015
1018
1016
1019
1020
1023
1024
1025
1044
1029
1028
1137
1035
1038
1083
1039
1040
1062
1047
11145
11146
1046
1059
1124
1051
8614
1151
1145
1005
1091
1084
1123
1121
1122
1050
1092
1128
11141
1003
11128
1125
1056
1065
1073
1069
1012
1079
1076
1021
1027
8617
1077
1026
1131
1071
11156
11159
8624
8619
8632
8623
1105
11129
1011
1006
1022
1049
1004
1043
1053
1070
1116
1114
1057
1152
1153
1106
1107
1099
1104
1101
1098
11164
8635
1009
11152
11179
17222
17229
17230
17235
1109
8576
8577
8578
8579
8580
8581
8583
8585
8584
8586
8587
8588
8590
17249
8591
8592
17110
8606
8607
8608
8609
17125
8610
8621
8638
8639
8640
8641
8642
8643
8622
8644
17250
8645
8646
9495
9494
9498
9499
9497
9493
9492
9496
8647
8648
8649
17267
17268
17269
1139
1078
1143
1144
8612
9504
8627
8630
8626
8616
8615
8611
8618
8628
8629
8631
1138
8637
10674
1140
8593
11076
9715
10345
9718
17082
10344
10343
8594
11087
17088
11088
11077
11090
8596
10303
11083
8595
17965
11078
11091
≤‚ ‘
6567
1001
11126
1117
6568
1119
1118
1126
1127
1014
1015
11127
1018
11145
1016
1019
1020
1023
1007
1017
1120
1024
1025
1029
1044
1030
1037
1031
1042
1028
1005
1035
1137
11141
1128
11143
1003
1038
1055
1039
1062
1012
1047
1040
1051
1006
1121
1123
1027
1145
1122
1050
1073
1083
1124
1084
1059
1151
11128
1091
11152
1125
1065
1011
1021
1049
1043
1004
1070
1022
1000
1071
1074
1053
1069
1105
1046
1092
1099
1104
1101
1098
1106
1109
1009
17222
8577
8576
8578
8579
8580
8581
8583
8585
1077
1144
8611
11176
8584
8586
8587
8588
8590
8591
8592
8606
8607
8608
8609
17124
8610
8621
8622
8638
8639
8640
17251
8641
8642
8643
8644
8645
8646
8647
8648
8649
17267
17268
17269
9718
8594
11076
17088
11087
17082
10344
11088
9715
8596
10303
11077
11091
17103
8602
11078
≤‚ ‘
6567
1001
11126
1117
6568
1119
1118
1126
1127
1014
1015
11127
1018
1016
1019
1020
1023
1007
1017
1120
1024
1025
1044
1030
1009
11143
1032
1029
1037
1028
1031
1042
1035
1038
1083
1059
1137
1008
1041
1039
1145
1124
1047
1121
1123
1062
1132
1021
1040
1051
1084
1091
11128
1046
1122
1050
1151
1092
1125
1065
1154
1099
1104
1098
1101
1006
1049
1022
1043
1004
1012
1069
1011
1053
1116
1153
1070
1114
1105
1005
1071
11142
1106
11129
1107
1034
17222
1109
17229
8576
8577
8578
8579
8580
8581
8583
8585
8586
8587
8584
8590
8591
8592
8606
9495
9499
9494
9498
8610
8621
8641
8607
8608
8638
9493
8639
9492
9497
8640
8643
8644
8645
8646
9496
8642
8622
8588
8609
8647
8648
8649
17267
17268
17269
≤‚ ‘
6567
1001
11126
1117
6568
1119
1118
1126
1127
1014
1015
11127
1018
1016
1019
1020
1023
1007
1017
1120
1024
1025
1029
1044
1030
1037
1031
1042
1028
1035
1137
1038
1039
1062
1047
1040
1128
1071
1132
1121
1123
1145
1083
1091
1124
1084
1059
11128
1092
1125
1009
11142
1032
1026
11145
11152
1002
11141
1003
1048
1105
1122
1050
1006
1049
1021
1012
1022
1065
11129
11147
11144
17222
8576
8577
8578
8579
8580
8581
17249
8583
8584
8585
1076
8586
8606
1099
1098
1101
1151
17125
8587
8591
8592
8610
8621
8638
8639
8640
17250
8607
8643
8641
8622
8642
17263
8593
11076
8594
9718
11088
17088
17267
10345
17268
17269
8614
17082
10303
9496
9495
9499
9493
8617
1109
1104
18042
18043
18044
18045
18054
18053
18047
10344
11087
11077
8596
11091
8602
1142
11079
8597
9716
9715
9717
8598
≤‚ ‘
6567
1001
11126
1117
6568
1119
1118
1126
1127
1014
1015
11127
1005
1002
1018
1016
1019
1020
1023
1007
1017
1120
1032
1024
1025
1029
1044
1030
1037
1008
1028
1031
1042
1035
1137
1038
1039
1062
1047
1121
1051
1040
1011
1012
1021
1004
1123
1145
1122
1083
1124
1091
1092
1125
11128
1105
1050
1106
1065
1073
1099
1000
1071
1086
1084
1059
1151
1006
1022
1049
1043
1053
1074
1070
1104
11129
1107
1114
1116
1046
1098
1101
1009
11146
11145
1109
17229
8576
8577
8578
8579
8580
8581
8583
8585
8586
8587
8584
8590
8591
8592
8606
8609
8610
8621
8607
8608
8622
8638
8639
8640
8641
8643
8642
8644
8647
8648
8645
8646
9492
9493
9494
9495
8588
9496
9497
9499
17267
17268
17269
≤‚ ‘
6567
1001
11126
1117
6568
1126
1119
1014
1015
1019
1020
1023
1018
1007
1024
1127
1016
1025
1044
1028
1030
1029
1037
1017
1120
1118
11127
1035
1005
1039
1047
1121
1145
1123
1062
1031
1038
1084
1059
1091
1092
1125
11128
1124
1083
1099
1042
1122
1104
1106
1151
1050
1128
1032
1008
1011
1040
1098
1105
1101
1051
1049
1012
1137
11145
1046
11129
1107
1109
1065
8576
8577
8578
8579
8580
8581
8583
8584
8585
8586
8587
8588
8590
8591
8592
8606
8607
8608
8609
8610
8621
8622
8638
8639
8647
8648
8649
8640
8641
8642
8643
8644
8645
8646
≤‚ ‘
1001
6567
11126
1117
6568
1119
1118
1126
1127
1014
1015
11127
1018
1016
1019
1020
1023
1017
1120
1007
1024
1025
17204
1044
1029
1030
1037
1028
1035
17207
17208
1031
1039
1047
1062
1121
1123
1145
1022
1049
1043
17209
1042
1122
1083
1000
1074
1071
1086
1040
1050
1124
1084
1059
1091
1092
1125
11128
1051
1046
1151
1065
1099
1137
1038
1104
1098
1101
1106
1105
11129
1107
1009
11147
1109
8576
8577
8578
8580
8581
8579
8583
8585
8587
8584
8586
11176
8588
8590
8606
8592
8591
17124
8610
8621
8607
8608
8609
8638
8639
8622
8640
17251
8641
8642
8643
8644
8645
8646
8647
8648
8649
11076
8594
9718
11087
17088
10344
11088
17082
17965
8596
8601
11077
10303
11083
8602
11079
11078
11091
8603
11089
≤‚ ‘
6567
1001
11126
1117
6568
1119
1118
1126
1127
1014
1015
11127
1018
1016
1019
1020
1023
1007
1017
1120
1024
1025
1005
1128
1044
1030
1037
1035
1031
1042
1137
1028
1039
1038
1062
1131
1032
1026
11144
1071
1022
1036
1027
1009
1132
1136
1003
8576
8577
8578
8580
8579
8581
17249
8583
8585
8584
17125
8587
1047
1040
8586
8591
1046
17250
8606
8607
8610
8621
8592
8638
8641
1121
1145
1123
1122
1059
1091
1092
11128
1051
8608
1084
1083
8645
8644
8622
8609
8639
8640
8642
8643
8646
≤‚ ‘
6567
1001
11126
1117
6568
1119
1118
1126
1127
1014
1015
11127
1018
1016
1019
1020
1023
1007
1017
1120
1024
1025
1029
1044
1030
1037
1031
1042
1028
1035
1137
1038
1039
1002
11142
1032
1003
1062
1047
1040
1121
1123
1083
1124
1145
1122
1050
1059
1009
1036
1006
1049
1084
1051
1091
1151
1092
1125
1105
1106
11128
1065
1069
1046
1056
1073
11129
1107
1099
1104
1098
1101
1005
1053
1058
11149
1135
17222
1109
8576
8577
8578
8579
8580
8581
8583
8584
8585
8586
8587
8590
8606
8591
8592
8610
8622
17252
9524
9527
9530
11057
9525
17267
17268
8593
11075
17269
10345
9715
17963
17088
9718
11087
17082
17965
8595
17103
11077
10303
8602
11146
8596
8594
≤‚ ‘
1126
1014
1015
11127
1127
1016
1019
1018
1020
1023
1007
1017
1024
1025
1044
6567
1001
11126
1029
1030
1037
1042
1031
1028
1035
1137
17204
1027
1039
1117
6568
1119
1118
1038
1120
1062
11143
1005
11141
1003
1056
1047
1040
1051
17207
1121
1123
1145
1122
1046
1050
1083
1124
1059
1151
1091
1092
1125
11128
1006
1012
1021
1004
1053
1069
1058
1065
1084
1099
1000
1071
1074
1086
1104
1105
1106
1098
11129
1011
1022
1049
1043
1107
1101
1070
1116
1114
1153
11155
10693
1078
1076
1057
1109
11156
11153
11154
1009
11144
1064
11179
10686
1063
17223
8576
17229
10679
10692
10865
8577
8578
8619
8618
8579
8580
8581
8583
8585
8586
8587
8641
8584
8588
8590
8591
8592
8606
11176
8638
8610
8621
8607
8608
8609
17124
9493
8622
8643
8639
8640
8642
8644
8645
8648
8649
≤‚ ‘
11126
1001
6567
1117
6568
1119
1118
1126
1127
1014
11127
1015
1018
1016
1019
1023
1020
1007
1120
1017
1024
1044
1037
1025
1030
1029
11145
11146
1028
1031
1042
1005
1035
1137
1038
11142
1008
1055
1083
1124
1059
1039
1062
1040
1047
1121
1123
1145
1122
1128
1131
1064
1051
1091
1092
1084
1151
1125
11128
1065
1011
1105
1050
11129
1106
1107
1046
1032
11152
17222
8576
1109
8579
8577
8580
8578
8581
8583
8585
8586
8587
17249
8584
8588
8590
8606
8638
8643
8607
8610
8621
17125
8641
8640
8639
8622
8642
8644
8608
9493
9494
9495
9499
9498
17250
9496
9492
8647
8609
8591
9497
9528
1525
8633
9683
10684
9529
1142
1079
8623
17082
11076
11087
8594
9718
17088
10303
11077
8601
11078
11088
17965
8596
≤‚ ‘
6567
1001
11126
1117
6568
1119
1118
1020
1126
1127
1014
1015
11127
1018
1016
1019
1023
1007
1017
1120
1024
1025
1029
1044
1030
1031
1035
1028
1037
1042
1137
17204
1027
1038
1083
1124
1039
1062
1084
1059
1047
1040
17207
17208
1121
1123
1051
1145
1122
1050
1009
1002
1032
1008
1011
1091
1092
1046
1125
11128
1065
1151
1022
1049
1004
1105
11129
1058
17209
1034
1006
1000
1074
1086
1071
1012
1021
1043
1070
1053
1069
1114
1116
1153
1057
1152
1106
1107
1048
1155
1099
1104
1098
1101
1132
11152
11179
1056
17223
1109
8576
8577
8578
8579
8580
8581
8583
8585
8584
8586
8587
8590
8591
8592
8606
8609
8610
8621
8622
8638
8639
8640
8641
≤‚ ‘
6567
1001
11126
1117
6568
1119
1118
1127
1126
1014
1015
11127
11141
1018
1016
1019
1020
1007
1017
1120
1024
1025
1009
1005
1132
1049
1029
1044
1037
1042
1028
1035
1039
1062
1023
1030
1031
1038
1047
1040
1046
1051
1121
1123
1145
1122
1050
1083
1124
1084
1059
1091
1092
1125
1065
1099
1104
1101
1106
1107
1105
1098
1131
1043
1021
17222
1137
1032
1109
8576
8577
8578
8579
8581
8583
8580
8584
8585
8586
8588
8590
8647
8638
8639
8640
8641
8642
8643
8644
8645
8646
8591
8592
8606
8607
8610
8621
8622
8608
8609
8587
8648
8649
9492
8593
9716
10345
17088
9718
11076
10344
8594
17082
8596
8601
11077
11078
11083
10303
8602
11079
11088
8600
8603
≤‚ ‘
6567
1001
11126
1117
6568
1119
1118
1126
1127
1014
1015
11127
1018
1016
1019
1020
1023
1007
1017
1120
1024
1025
1029
1044
1030
1037
1042
1028
1031
1035
1026
11142
1071
1137
1039
1038
1062
1047
1040
1009
11149
1005
11146
1064
1027
1008
11147
1051
1121
1123
1145
1122
1050
1083
1124
1084
1059
1091
1092
1099
1104
1098
1101
1105
1106
1107
1125
1151
17249
8576
8577
8579
8580
8578
8581
8583
8584
8585
8586
8587
17125
8606
17250
8610
8621
8622
8588
8590
8591
8592
8607
8608
8609
8638
8639
8640
8641
8642
8643
8644
8645
8646
8647
8648
8649
≤‚ ‘
6567
1001
11126
1117
6568
1119
1118
1126
1127
1014
1015
11127
1016
1019
1020
1023
1007
1017
1120
1018
1024
1025
1029
1044
1030
1028
1037
1031
1042
1035
11142
11141
1032
1003
1137
1062
1039
1040
1009
1047
1121
1123
1145
1122
1083
1091
1092
1125
11128
1065
1059
1124
1151
1099
1104
1098
1101
1106
1105
1107
1084
1050
1005
1021
11144
1008
17222
1109
8576
8577
8578
8579
8580
8581
8583
8584
8585
8586
8587
8606
8590
8588
8591
8592
8607
8608
8609
8610
8621
8622
8638
8639
8640
8641
8642
8643
9492
9493
9494
9495
9496
9497
9498
9499
8644
1038
1046
1051
8645
8646
8647
8648
8649
≤‚ ‘
1001
6567
11126
1117
6568
1119
1118
1126
1127
1015
1014
11127
1018
1016
1019
1020
1023
1024
1025
1029
1007
1017
1120
1044
11145
11146
1030
1037
11143
1009
1042
1028
1035
1137
1038
1039
1062
1031
1047
1005
1040
1043
1121
1123
1145
1051
1021
1122
1050
1083
1124
1084
1131
1041
1059
1046
1011
1006
1022
1012
1049
1004
1053
1069
1070
1114
1116
1151
1091
1092
1125
1057
1153
11128
1065
1099
1104
1098
1101
1105
1106
11129
1107
1154
17229
1109
8576
8577
8578
8579
8581
11176
8580
8583
8584
8585
8586
8587
17124
8588
8590
8591
8592
8606
8607
8608
8609
8610
8621
8622
17251
8638
8639
8640
8641
8642
8643
8644
8645
8646
8647
8648
8649
11076
8594
17088
9718
10344
11087
8596
11088
17082
10303
11077
11078
11091
11079
8600
8602
≤‚ ‘
6567
1001
11126
1117
6568
1119
1126
1127
1015
1014
11127
1016
1118
1020
1023
1007
1019
1018
1017
1024
1025
1030
1120
1029
1044
1037
11145
1042
1028
1035
1002
11141
1032
1062
1008
1005
1137
1039
1031
1047
1040
1121
1123
1083
1124
1145
1021
1027
1122
1050
1048
1084
1059
1091
1038
11128
1049
1004
1022
1012
1043
1053
1069
1116
1006
1011
1114
1070
1092
1046
1154
1056
1125
1131
1009
1071
1106
17222
17229
17235
1109
8576
8577
8578
8579
8580
11176
1077
1079
8581
8583
8585
8586
8587
8584
8591
8592
11153
8588
8590
8624
1151
1105
17124
1098
8606
8607
8608
8609
8610
8621
8622
17251
8638
8639
11076
8594
9718
10344
11087
17088
8604
8603
10343
8600
8596
10303
11088
11079
8602
11091
17082
≤‚ ‘
11126
6567
1001
1118
1117
6568
1119
1126
1127
1014
1015
11127
1018
1023
1007
1017
1019
1024
1025
1044
1020
1016
11145
11146
1028
1030
11143
1128
1032
1120
1029
1005
11150
1003
1037
1137
1035
1031
1038
1042
1039
1062
1124
1051
1083
1084
1059
1121
1145
1047
1123
1151
1040
1091
11128
1122
1092
1050
1046
1006
11142
1125
1065
1105
11129
1106
1131
1049
1004
1021
1012
1011
1114
1053
1022
1043
1070
1069
1130
1109
1099
1104
1101
1098
1107
8576
8579
8577
8578
8581
8580
8583
8585
8584
8587
8586
17249
8591
8592
8653
1142
8606
8590
8588
11176
17125
9493
17124
8610
8621
8622
8641
8638
8639
17250
8607
8608
8640
8647
8648
8609
8649
8642
8643
8644
8645
8646
17264
9528
8623
10684
9683
9529
1079
9492
17267
1525
10679
8633
1138
17268
17269
1077
8594
11087
11076
9718
17082
8596
11077
17088
10303
11078
11083
11091
8602
8600
11088
8601
11079
8603
11089
17085
≤‚ ‘
6567
11126
1001
1117
6568
1126
1119
1118
1127
1014
1015
11127
1018
1016
1019
1020
1023
1017
1120
1024
1025
1044
1030
1028
1007
1035
1029
1062
1039
17209
1034
1002
1009
1037
1031
1008
1055
1137
1038
1121
1123
1042
1074
1047
1040
1046
1145
1122
1050
1083
1124
1084
1059
1151
1091
1092
11128
1099
1104
1006
1125
1065
1098
1101
1105
1154
11146
1012
1107
1106
11129
1051
1005
8576
8579
8577
8578
8580
8581
8583
8585
8587
8584
8586
8638
8639
8648
8591
8592
8588
8610
8621
8609
8606
8607
8622
8649
8647
8640
8608
8641
8643
8642
8644
8645
8646
17267
17268
17269
≤‚ ‘
6567
1001
11126
1117
6568
1019
1119
1118
1126
1127
1014
1015
11127
1018
1016
1020
1023
1007
1017
1120
11142
1024
1025
1029
1044
1030
1037
1026
1128
11144
1012
1137
1028
1035
1032
1038
1039
1031
1042
11149
1005
11152
1135
11145
1054
1083
17222
8576
8579
8577
8578
8580
8581
17249
8583
8585
8584
8586
17125
8587
8606
8610
8621
17250
8607
8622
8638
8639
8640
8641
8642
8591
8592
8643
8644
8590
8588
8609
8608
8646
8645
8647
8648
8649
9492
9496
≤‚ ‘
1126
1127
1014
1015
1020
1019
11127
1016
1024
1025
1017
1029
6567
1001
11126
1117
1030
1007
1044
1037
1028
1119
1118
1018
6568
1023
1005
11141
1032
1120
1042
1039
1035
1047
1009
11145
11144
1121
1123
1145
1083
1124
11128
1026
11146
1071
1031
1040
17222
1059
1122
1050
1151
8576
1137
1062
1084
1091
1092
1125
8583
8585
8578
8579
8581
8577
8586
8580
8587
8591
8606
8584
8592
8609
8610
8622
8621
8638
8641
8642
17250
8644
8640
8643
8607
8588
8590
8608
8639
8645
8646
9493
8647
8648
8649
9492
≤‚ ‘
6567
1001
11126
1117
6568
1018
1119
1118
1126
1127
1014
1015
11127
1016
1019
1020
1023
1007
1017
1025
1120
1024
1029
1044
11145
11146
1030
1037
1005
11152
1031
1042
1028
1035
1137
1039
1038
1062
1069
11141
11143
1083
1124
1047
1003
1027
1040
1123
1145
1121
1122
1132
1032
1064
1046
1051
1084
1059
1151
1050
1125
1091
1092
11128
1065
1099
1104
1098
1101
1105
1106
1056
1155
1107
11129
1109
1006
1011
1012
1022
1049
1021
1043
1070
1114
1071
1053
1004
1116
1153
1026
17222
8576
8577
8578
8579
8580
8581
8583
8584
8585
11176
8586
8587
8588
8590
8591
8592
8606
17124
8643
8644
8610
8607
8608
8609
8621
8622
8645
17251
8638
8639
8640
8641
8642
8646
8647
8648
8649
≤‚ ‘
6567
1001
11126
1117
6568
1119
1118
1126
1127
1014
1015
11127
1018
1016
1019
1020
1023
1007
1017
1120
1024
1025
1029
1044
1030
1037
1031
1042
1028
1035
1137
1038
1039
1062
1128
11142
1032
1043
1047
1048
1040
1046
1123
1121
1145
1122
1050
1083
1124
1051
1084
1059
1151
1091
1092
11128
1005
1006
1049
1036
1125
1065
1155
1099
1105
1106
11129
1098
1107
1104
1101
1131
1012
1021
17222
11146
1113
1109
17229
17235
17230
8576
8578
8577
8579
8580
8581
8583
10305
8587
8584
8585
8586
8588
8590
8591
8592
11176
8606
10314
8653
8607
8608
8609
8610
8621
8622
8638
8639
1079
17124
9493
1077
8640
8641
8642
8643
1139
8644
8645
9492
9494
9495
9496
9497
8646
17250
8647
9498
9499
1078
17251
8648
1143
8649
8612
8611
8619
8617
8615
17983
9524
9527
9530
9683
11054
11057
17963
11076
17267
17268
17269
10345
9715
11075
17086
8594
17088
9718
17965
17082
11088
11087
10344
9714
10302
10303
11077
8595
11090
11078
11083
8596
8601
11091
8602
11079
17103
8603
17097
8604
11089
17085
8600
≤‚ ‘
6567
1001
11126
1117
6568
1119
1118
1126
1127
1014
1015
11127
1018
1016
1019
1020
1007
1023
1024
1025
1044
1017
1120
1030
1037
1029
1043
1128
1131
1026
1012
1038
1039
1062
1028
1035
1040
1005
11145
11178
11152
1137
11143
11141
1048
1006
1009
1136
1041
1042
11150
17222
8576
8577
8578
17249
8579
8580
8581
8583
8584
8585
17125
17250
8608
8606
8591
8592
8610
8621
8609
8587
8593
9715
8594
9716
11076
17082
9718
8601
11088
11078
11087
10303
11077
17965
10344
17088
8596
8602
11079
≤‚ ‘
6567
1001
11126
1117
6568
1119
1126
1127
1014
1015
11127
1020
1019
1018
1016
1023
1007
1017
1118
1120
1024
1025
1029
1044
1030
1028
1031
1037
1042
1035
1137
1038
1002
11141
1043
1083
1124
1059
1048
1039
1062
1121
1123
1040
1009
1047
1145
1122
1091
1092
1125
1051
11128
1065
1084
1151
1006
1105
1049
1050
1106
11129
1099
1104
1101
1098
1155
1136
17222
1107
1109
8576
8577
8578
8579
8580
8581
8583
8584
8585
8586
8587
8591
8606
8592
8607
8608
8609
8610
8622
8588
8590
8621
8647
8648
8649
8638
8639
8640
8641
8642
8643
8644
8645
8646
≤‚ ‘
6567
1001
11126
1117
6568
1119
1118
1126
1127
1014
1015
11127
1018
1016
1020
1019
1023
1007
1017
1120
1024
1025
1044
1029
1030
1037
1042
1028
1035
1031
1128
11142
1137
1038
1062
1047
1121
1123
1145
1039
1005
1009
1132
1049
1124
1091
11128
11141
1003
1040
1050
1083
1084
1059
1092
1065
1099
1104
1122
1125
1101
1098
1046
1151
1105
1051
1069
1106
11129
1107
1011
1154
17222
1109
8576
8577
8578
8579
8580
8581
8583
8584
8585
8586
8587
8588
8590
8591
8592
8606
8609
8610
8621
8622
8607
8608
8638
8639
8641
8642
8640
8643
8644
8646
8645
8649
8648
8647
9494
9493
9492
9497
9498
9499
9495
9496
17983
10345
11075
17963
8593
9718
10344
8594
17088
8596
11076
11087
17089
10303
11091
17965
17103
8602
≤‚ ‘
6567
1001
11126
1117
6568
1119
1118
1126
1127
1014
1015
11127
1020
1019
1018
1016
1023
1007
1017
1024
1025
1120
1044
1028
1029
17204
1027
1037
1030
1035
1042
1031
1137
1038
1121
1123
1145
1047
17207
1039
1124
1062
1040
1051
1122
1046
1050
1083
1084
1022
1011
1049
17209
1058
1059
1151
1065
1000
1074
1071
1086
1072
11143
11141
1091
1092
11128
1125
1105
11129
1106
1008
1055
1073
1131
1032
1107
1006
1012
1021
1004
1043
1053
1070
1069
1114
1116
1057
1152
11147
11149
1109
1099
1104
1098
1101
8576
8577
8578
8579
8580
8581
8583
8584
8585
8586
8587
8590
8591
8592
8606
8607
8608
8609
8610
8621
8622
8638
8639
8640
8641
8642
8643
8644
8646
8647
8645
8588
8648
8649
17267
17268
17269
≤‚ ‘
1118
1001
6567
11126
1117
6568
1119
1126
1127
1014
11127
1024
1007
1017
1016
1019
1020
1018
1015
1023
1025
1044
1037
1035
1030
1028
1120
1005
1031
1042
1137
1038
1039
1062
1012
1047
1040
1128
11141
11146
1032
1051
1121
1123
1145
1046
1122
1050
1083
1124
1084
1059
1151
1029
1091
1092
1125
11128
1065
1099
1104
1101
1098
1106
1107
1008
1048
1154
1009
1105
11142
17222
1069
1109
8576
8577
8578
8579
8580
8581
8583
8584
8585
8587
8588
8590
8586
8591
8592
11176
8606
8607
8608
17124
8609
8610
8621
8622
8638
8641
8640
8639
8644
8645
17251
8646
8642
8643
8647
8649
8648
17263
17267
17268
17269
9715
11076
8596
8594
17082
10303
11077
11091
8602
11079
8604
8603
8600
8601
11078
8595
11090
11088
9718
10344
11087
10345
17086
9714
10302
10304
10343
11073
11086
10349
9717
8598
10347
8597
11083
11080
17089
8605
17964
10346
17103
≤‚ ‘
6567
1001
11126
1117
6568
1119
1118
1126
1127
1014
1015
11127
1018
1009
1128
1016
1019
1020
1023
1007
1017
1120
1024
1025
1029
1044
1030
1037
1031
1042
1028
1035
1137
1038
1039
1062
1047
1040
1008
1032
11142
1071
1083
1091
1084
1124
1059
1131
1012
1011
1022
1049
1021
1004
1043
11128
1125
1092
1121
1123
1145
1050
1151
1005
1135
1130
11146
11149
1036
17222
1079
8576
8578
8577
8579
8580
8581
8583
8584
8585
8587
8606
8586
17125
8591
8610
8621
8590
1122
1065
17124
17250
8592
8607
8608
8609
8622
8638
8639
8640
8643
17267
17268
17269
8641
8642
8644
8593
10345
9718
17082
10344
8594
17088
11076
1109
11087
11088
17965
8596
11091
11079
10303
11078
11077
8601
11083
8595
≤‚ ‘
6567
1001
11126
1117
6568
1119
1118
1126
1127
1014
1015
11127
11142
1002
1018
1016
1019
1020
1023
1007
1017
1120
11141
1024
1025
1029
1044
1035
1030
1037
1042
1031
1028
1137
1038
17204
1027
1048
1039
1062
1047
1040
1121
1123
1145
1051
1050
1122
1083
1124
1084
1046
1059
1006
1154
1012
1049
1004
1069
1116
1058
1034
1151
1091
1092
1125
11128
1065
1099
1104
1098
1101
1105
1000
1074
1071
1086
1106
11129
1107
1109
11144
1054
1011
17223
8576
8577
8578
8579
8580
8581
8583
8585
8584
8587
8586
8590
8588
11176
8591
8592
8606
8607
8608
17124
8609
8610
8621
8622
8638
8639
8640
8641
8642
8643
8644
8645
8647
8646
8648
8649
11076
8594
9718
17088
11087
11088
17082
8596
10344
17965
8601
10303
11077
11091
8602
11078
11079
8603
17085
≤‚ ‘
6567
1001
11126
1117
6568
1119
1118
1126
1127
1014
1015
11127
1018
1020
1016
1019
1023
1007
1017
1120
11141
1024
1025
1029
1044
1030
17204
1037
1042
1028
1035
1137
1031
1043
1038
1039
1041
1062
1022
1047
1034
1058
1040
1123
1121
1086
1071
1074
1000
1145
1122
1050
1083
1084
1059
1151
1124
1091
1051
1092
1125
11128
1065
1006
1049
1011
1021
1099
1104
1101
1105
1106
1107
1128
11144
8576
8577
8578
8579
8580
8583
8581
8584
8585
8586
8587
8591
8592
8606
8609
8607
8588
8590
8610
8621
8608
8622
8638
8639
8640
8641
8642
8643
8644
8645
8646
≤‚ ‘
6567
1001
11126
1117
6568
1119
1118
1126
1127
1014
1015
1018
11127
1020
1016
1017
1007
1019
1023
1120
1024
1025
11145
11146
1029
1044
1030
1037
1031
1042
1035
1028
1137
1005
1038
1039
1062
1047
1128
11141
1046
1055
1043
1069
1040
1051
1121
1123
1083
1124
1021
1145
1084
1059
1151
1032
1091
1122
1050
1092
1125
11128
1065
1106
11129
1105
1155
1011
1006
1022
1012
1049
1004
1107
1099
1104
1098
1101
1073
1026
11152
17222
17230
1109
8576
8577
8578
8579
8580
8581
8583
8585
8586
8584
8588
8587
8590
8591
8592
11176
8606
17124
8607
8608
8610
8621
8609
8622
17251
8638
8639
8640
8641
8642
8643
8644
8645
8646
8648
8647
8649
9715
8594
11076
9718
11088
10303
8601
8596
11077
11078
11090
11087
10344
17082
11091
8604
11075
10343
11073
11081
11082
8597
9717
≤‚ ‘
1017
1007
11126
1120
1118
11127
6567
1001
1117
6568
1119
1126
1127
1014
1015
1009
11142
1018
1016
1019
1020
1023
1024
1025
1044
1029
1030
1037
1031
1042
1005
1008
1035
1028
1038
1137
1021
1027
1083
1124
1039
1059
1151
1131
1071
1062
1040
1046
1121
1123
1145
1084
1006
1122
1047
1050
1051
1091
1092
1125
11128
1065
1105
11129
1106
1107
1099
1104
1101
1098
1026
17222
8576
1109
8578
9496
17249
8577
8579
8580
8581
17125
8583
17250
8584
8590
8588
8585
8607
8586
8587
8591
8592
8606
8608
8609
8610
8621
8622
8638
8639
8640
8641
8642
8643
8644
8645
8646
8647
8648
8649
17267
17268
17269
≤‚ ‘
6567
1001
11126
1117
6568
1119
1118
1126
1127
1014
1015
11127
1018
1016
1019
1020
1023
1017
1120
1007
1024
1025
1029
1044
1030
1037
1031
1042
1035
1028
1137
1038
1039
1062
1040
1047
1051
1032
11152
1121
1123
1145
1122
1050
1083
1046
1124
1151
11145
1071
1009
11141
1084
1059
1091
1065
1092
11128
1077
1003
1076
1079
11153
11154
1125
1036
1006
1150
1149
11155
11156
11157
11146
17222
17229
17235
17230
17225
17243
17228
17244
10675
11160
10305
8577
8578
8576
8579
8580
8581
8583
8584
8585
8586
8587
8588
1099
1104
1098
1101
1011
17249
8606
8590
8591
8592
8607
17125
8608
17250
8609
8610
8621
8622
8638
8639
8640
8641
8642
8643
8644
8647
8648
17267
17269
17268
1139
1140
8593
11076
9715
9716
17965
8594
17088
9718
10344
11087
11088
17082
8596
8601
11077
10303
11078
8595
11083
≤‚ ‘
1001
6567
11126
1117
6568
1119
1118
1126
1127
1014
1015
11127
1018
1016
1019
1020
1023
1007
1017
1120
1024
1025
1029
1044
1030
1037
1031
1042
1028
1035
1137
1038
1032
1071
11142
1039
1062
1047
1040
1026
1121
1123
1145
1122
1083
1124
1050
1084
1059
1151
1091
1009
1105
1106
1092
1125
11128
1065
11149
1135
17222
8576
8577
17249
8578
8579
8580
8581
17125
8583
8584
8585
8586
8587
8588
8590
8591
8592
17250
8607
8606
8608
8609
8642
8610
8621
8622
8643
8593
11076
8594
17088
9718
11087
11088
17965
17082
10344
8601
10303
11077
8596
11078
≤‚ ‘
11126
6567
1001
1117
6568
1119
1118
1126
1127
1014
1015
11127
1018
1016
1019
1020
1023
1007
1017
1120
1024
1025
1029
1044
1030
1037
1031
1042
1028
1035
1038
1083
1137
1059
17204
1027
1128
1002
1032
1008
1124
1084
1039
1151
17207
1062
1047
1040
1006
1021
1043
1053
1070
1012
17209
1058
1000
1071
1086
1074
1056
1051
1121
1123
1145
1122
1050
1091
1154
1092
1125
11128
1065
1099
1105
1106
1104
1098
1101
11129
1107
11145
1054
1113
17223
1109
8576
8577
8578
8579
8581
8580
8583
8584
8585
8586
8587
11176
8591
8592
8588
8590
8606
17124
8609
8610
8621
8607
8608
8622
8641
8638
8639
8640
8642
8643
17251
9493
9495
9492
8647
8648
8649
8644
8645
8646
8594
9718
11076
17088
11087
11088
10344
17082
17965
8601
10303
11077
11078
11083
8602
11091
17103
11079
8603
11089
8596
8600
17085
≤‚ ‘
1118
1126
1127
1014
1015
11127
6567
1001
11126
1117
1018
1016
1019
1020
1023
1007
1017
1120
1024
1025
1029
1044
1030
1037
1031
1042
1028
1035
17204
1027
1128
1009
1032
1038
1137
1039
1062
1083
1124
1059
1043
1055
1084
1047
1040
17207
17208
1058
1051
1121
1123
1145
1091
1092
1151
1122
1050
1125
11128
1065
1011
1046
1006
1022
1049
1004
1116
1070
17209
1034
1000
1074
1071
1086
1155
1105
1106
1099
1104
1098
1101
1107
11129
1005
1063
17223
1109
8576
8577
8578
8579
8580
8581
8583
8584
8585
8586
8587
11176
8588
8590
8591
8592
8606
17124
8607
8608
8609
8610
8621
8622
8641
8638
8639
8640
8642
8643
17251
8644
17267
8647
8648
8645
11076
8594
9718
10344
11087
17088
11088
17082
17965
8596
10303
11077
11078
11083
11091
≤‚ ‘
6567
1001
11126
1117
6568
1119
1118
1126
1127
1014
1015
11127
1016
1018
1019
1020
1023
1007
1017
1120
1024
11145
1025
1029
1044
1030
1037
1031
1042
1005
1028
1137
1035
1038
11141
1009
1039
1062
1047
1040
1046
1121
1123
1008
1051
1012
1145
1122
1050
1083
1124
1084
1059
1091
1092
1125
11128
1065
1105
1106
11129
1151
1107
1099
1104
1098
1101
11149
11152
1006
1155
17222
1109
8576
8577
8578
8579
8580
8581
8583
17249
8585
8584
8586
8587
17125
8591
8592
8606
8609
8610
17250
8621
8607
8638
8639
8640
8641
8642
8643
8644
8646
8647
8648
8649
8590
8622
8645
11076
8594
9718
11087
11088
17088
17082
10303
11077
11078
11091
8600
8604
8596
8595
17965
8601
10344
8603
8602
11079
17085
11089
≤‚ ‘
1001
6567
1118
1126
11126
1117
6568
1119
1127
1014
1015
11127
11143
1009
11141
1016
1019
1020
1023
1007
1017
1120
1024
17204
1018
1025
1029
1044
1030
1037
1031
1042
1008
1028
1035
17207
1137
1038
1039
1062
1006
1012
1004
1021
17209
1058
1047
1000
1074
1071
1072
1040
1046
1051
1121
1123
1145
1122
1050
1154
1083
1124
1084
1059
1151
1155
1092
1125
1065
11128
1099
1104
1098
1101
1105
1106
11129
1107
1091
1109
8576
8577
8578
8579
8583
8580
8581
11176
8584
8585
8586
8587
8588
8590
8591
8592
8606
17124
8609
8607
8608
8610
8621
8622
8638
8639
8640
8641
8642
8643
8644
8645
8646
8647
8648
8649
1005
11076
8594
17088
9718
10344
11087
11088
17082
17965
8596
8601
10303
11077
11078
11083
11090
8595
11091
8602
11079
18037
≤‚ ‘
1001
11126
6567
1117
6568
1119
1118
1126
1127
1014
1015
1018
1120
11127
1020
1019
1023
1017
1025
1007
1016
1024
1037
1030
1044
1031
1029
1042
1051
1035
1038
1137
1039
1062
1040
1046
1121
1123
1122
1050
1145
1059
1091
1083
1084
8576
8577
8578
8579
8580
8581
8583
8586
8587
8585
8592
8591
8590
8584
8607
8606
8588
8621
≤‚ ‘
6567
1001
11126
1117
6568
1119
1118
1126
11127
1127
1014
1015
1018
1016
1019
1020
1023
1024
1025
1007
1017
1120
1029
1044
1030
1037
1042
1028
1035
1038
1137
1039
1031
1002
1009
1032
1043
1048
1062
1047
1040
1051
1121
1123
1145
1122
1050
1083
1124
1084
1059
1151
1091
1092
11128
1046
1006
1073
1065
1036
1011
1049
1114
1125
1105
1106
11129
1003
1021
1004
1053
1070
1069
1116
1022
1099
1098
1107
1101
1104
1005
1155
1064
1071
1058
17222
17229
8576
8577
8578
8579
8580
8581
8583
8585
8586
8584
8587
8591
8592
8588
8590
8606
8621
8610
8638
8639
8641
8643
8640
1077
8642
8644
8622
8647
9496
9494
9495
9499
9498
9493
9492
9497
8646
8645
8648
8649
8607
8609
8608
8593
17963
9715
10345
11075
11076
8594
9718
10344
11088
17088
11087
17082
9714
17965
10303
8596
11077
8601
8602
17103
11079
11091
11078
11083
8603
11090
1033
1041
≤‚ ‘
6567
1001
11126
1117
6568
1119
1118
1126
1127
1014
1015
11127
11145
11146
1018
1016
1019
1020
1023
1120
1017
1024
1025
1029
1028
1035
≤‚ ‘
1001
6567
11126
1117
6568
1119
1118
1126
1127
1014
1015
11127
1009
1128
1018
1016
1019
1020
1023
1007
1017
1120
11141
1024
1025
1029
1044
1030
1037
1031
1042
1008
1028
1035
1137
1038
1055
1039
1062
1047
1040
1046
1051
1056
1121
1123
1145
1122
1050
1083
1124
1084
1059
1151
1091
1092
1125
11128
1065
1132
1011
1049
1036
1099
1104
1098
1026
1033
1069
1101
1105
1106
11129
1005
1147
1155
11144
1058
17222
8576
8577
8578
8579
8581
8583
8584
8580
8585
8586
8587
8588
8590
8591
8592
8606
8607
8608
8609
8610
8621
8622
8638
8639
8640
8641
8642
8643
8644
8645
8646
8647
8648
8649
17252
11076
17086
8594
9718
17088
11087
11088
17082
8596
11091
11079
17103
8601
11077
10303
≤‚ ‘
6567
1001
11126
1117
6568
1119
1118
1126
1127
1014
1015
11127
1018
1016
1019
1020
1023
1017
1007
1024
1025
1029
1120
1044
1002
11141
1032
1030
1037
1042
1028
1035
1031
1137
1038
1043
1039
1062
1047
1040
1009
1021
1051
1121
1123
1145
1011
1122
1083
1124
1059
1091
1069
1003
1151
1050
1084
1092
1125
11128
1065
1105
1099
1098
1106
1155
1107
11129
1104
1131
1005
1128
11145
1026
1046
11148
17222
1109
8576
8577
8578
8579
8580
8581
8583
8584
8585
8586
8587
8606
8591
8592
8610
8621
8588
8622
8638
8639
8640
8641
8642
8643
8644
8607
8647
8608
8645
8646
8609
8648
17267
≤‚ ‘
6567
1001
11126
1117
6568
1119
1118
1014
1015
11127
1018
1019
1020
1126
1127
1016
1023
1120
1024
1025
1030
1028
1017
1035
11143
11141
1029
1044
1037
1031
1042
1062
1039
1007
1032
1137
1038
1047
1040
1051
1121
1123
1122
1083
1050
1128
1131
1012
1145
1091
1149
1034
8576
8578
8579
1125
1099
1124
1059
1151
1084
8583
8577
8580
8581
8584
8585
8591
8606
8586
8592
8587
17125
8607
8622
8610
8621
8608
8641
8638
8639
8642
17250
8640
9496
8609
9493
9492
9495
8644
8643
8646
8648
8645
8647
≤‚ ‘
1127
1126
1001
6567
11126
1119
1117
6568
1016
1014
1015
1118
11127
11143
1005
1023
1007
1120
1018
1019
1020
1032
1017
1024
1025
1044
1008
1029
1030
1037
17204
1042
1031
1035
1028
1038
1039
1047
1137
1062
1011
1123
1040
1145
1083
1121
1124
1051
1122
1091
11128
1125
1022
1059
1084
1092
1065
1105
11129
1151
1106
1114
1006
1012
1049
1021
1043
1004
1070
1000
1074
1071
1086
1050
1069
1116
1053
1153
1152
1046
1057
1107
1099
1104
1098
1101
1109
17229
17235
8576
8577
8578
8579
8580
8583
8581
8584
8585
8586
8587
8591
8592
8590
8588
8606
8609
8610
8621
8622
8638
8639
8641
8642
8640
8643
8644
8647
8645
9495
9499
17267
17268
17269
8593
≤‚ ‘
6567
1001
11126
1117
6568
1119
1118
1126
1127
1014
1015
11127
1017
1007
1120
1018
1016
1023
1020
1019
1024
1025
1044
1039
1029
1030
1042
1037
1062
1031
17204
1083
1124
1035
1028
1059
1091
1123
1047
11141
11142
1038
1051
1003
1041
1121
1145
1049
1022
1043
1116
1069
1011
1034
1151
1084
1000
1074
1071
1086
11128
1050
1092
1137
1125
1065
11149
1040
8576
8578
8583
8585
8579
8586
8577
8580
8581
8587
8584
8590
8588
11176
8591
8592
8606
1099
1104
8607
8608
17124
1122
8610
8621
8609
8622
8641
8638
8639
1109
8642
8643
8644
8646
8640
8645
9492
8647
8648
8649
9493
9497
11076
17963
9718
17267
17268
17269
8594
17088
17086
17087
10303
8596
8602
11091
11079
8604
17089
11077
17082
10344
11087
11088
8601
17103
17085
11078
8603
≤‚ ‘
6567
1001
11145
11126
1117
6568
1119
1118
1126
1127
1014
1015
11127
1005
1018
1016
1019
1020
1023
1007
1017
1069
1120
1024
1025
1021
1027
1083
1029
1044
1030
1037
1031
1042
1028
1035
1039
1047
1040
1046
1051
1121
1123
1122
1050
1059
1091
1137
1038
1145
1106
8576
1109
8580
8581
8578
17249
17250
8577
8579
8583
8585
8606
8588
8590
8644
8643
8622
8638
8642
8645
8646
8647
8591
8592
8607
8609
8641
8621
9716
10345
11075
11076
10303
8596
11077
11088
9718
11083
8594
17082
11091
11087
8601
11078
8602
8595
8603
11089
17085
