≤‚ ‘
6567
1001
11126
1117
6568
1119
1118
1126
1127
1014
1015
11127
1018
1016
1019
1020
1023
1007
1017
1120
1024
1025
1029
11143
1128
1032
1044
1030
1037
1031
1042
1003
1028
1035
1137
1038
1055
1039
1047
1040
1062
1121
1123
1122
1145
1050
1046
1051
1011
1073
1083
1043
1124
1084
1059
1151
1155
18065
18041
18043
18045
18042
18044
18037
18046
18047
18050
18051
18048
18056
18055
18053
18057
18054
18052
18049
18067
18066
18071
18068
18069
1125
1091
1092
11141
1154
18070
18058
18059
11128
1065
18061
1006
1130
18060
1099
1104
1098
1101
1109
1106
1105
1107
11129
18062
1113
18063
