200
10
100
94 6567 11126 1001 1117 6568 1126 1119 1127 1014 1015 11127 1018 1016 1019 1020 1118 1023 1017 1007 1120 1024 1025 1044 1029 1035 1030 1037 1028 17204 1027 1083 1124 1042 11141 1031 1137 1039 1043 1059 17207 1062 1047 1051 1040 1121 1145 1123 1122 17209 1034 1058 1074 1000 1071 1086 1038 1151 1154 1091 1092 1125 11128 1105 11129 1026 1032 1012 1065 11144 8576 8578 8577 8579 8580 8583 8584 8585 8587 8586 8590 8591 8606 8610 8622 8581 8588 8592 8644 8642 8641 8640 8639 8638 8609
138 11127 11126 6567 1001 1118 1117 6568 1119 1007 1017 1019 1018 1024 1025 1126 1127 1014 1020 1120 1023 1015 1016 1028 1044 1029 1035 1030 1037 1038 1137 1042 1009 1008 11142 11141 1041 1031 1039 1062 1047 1027 1021 1040 1051 1123 1131 1121 1145 1046 1050 1122 1083 1084 1059 1151 1124 1091 11128 1092 1125 1105 1128 1071 11145 17222 1109 1106 1107 8576 8577 8578 8579 8580 8581 1065 9496 11129 8583 8584 8585 8586 8591 8592 8587 8588 8606 8590 1139 17125 8609 8607 8608 8610 8621 8622 17250 8638 8639 8640 8641 8642 8643 8644 8645 8646 8647 8648 8649 17267 17268 17269 8593 9715 11076 8601 8594 8596 9718 11087 17088 11091 10344 17965 11088 17082 10303 11077 11078 8595 11083 11090 8602 11079 17103 8600 8603 17085 11089
111 6567 1001 11126 1117 6568 1126 1118 1119 1127 1014 1015 11127 1018 1016 1020 1023 1019 1017 1024 1025 1029 1044 1007 1120 1037 1042 1030 1083 1128 11141 1028 1132 1009 1039 1062 1047 1040 1121 1123 1145 1122 1084 1124 1059 1026 1091 1006 1022 1049 1021 1043 1012 1004 1050 1053 1070 1011 1114 1151 1125 11128 1092 1069 1035 1131 1056 11149 1073 1105 1137 1065 1106 11129 1109 8576 8577 8578 8579 8583 8584 8580 8585 8586 8587 8581 8588 8590 8606 8638 8639 8640 8641 8642 8643 8610 8621 8607 8591 8592 9495 8644 8622 8645 8646 8647 8648 8649 8609 17267 17268 17269
129 1126 1127 6567 1001 11126 1117 6568 1119 1118 1014 1015 11127 11143 11142 1016 1018 1019 1020 1023 1007 1017 1120 1024 1025 1029 1044 1030 1037 1031 1042 1028 1035 1038 1137 1039 1047 1062 17207 1040 1051 1046 1121 1123 1145 1122 1050 1083 1124 1084 1059 1151 1091 1092 1125 11128 1065 1098 1099 1104 1101 1105 1106 1107 11129 1021 1011 17209 1006 1000 1074 1071 1086 11141 1043 1109 1026 1009 8576 8577 8578 8579 8580 8581 8583 8585 8584 8586 8587 8590 8588 8591 8592 11176 8606 8607 8608 8609 17124 8610 8621 8622 8638 8639 8640 8641 8642 8643 8644 8645 8646 8647 8648 8649 11076 8594 9718 17082 11088 11087 17088 8596 8601 10303 11077 11078 17965 10344 11091 11079
126 6567 1001 11126 1117 6568 1119 1118 1126 1127 1014 1015 11127 1018 1016 1019 1020 1023 1007 1017 1120 1024 1025 1029 1044 1030 1037 1031 1042 1028 1035 11145 11146 1128 1005 1137 1038 1003 1039 1047 1051 1040 1062 1083 1124 1084 1059 1151 1145 1121 1123 1021 1026 1131 1064 1046 1011 1122 1091 1092 1125 11128 1154 1105 1106 11129 1065 1006 1012 1022 1049 1043 1098 1099 1069 1070 1114 1116 11144 1008 1034 17222 1050 1107 1101 1104 1109 8576 8577 8578 8579 8580 8581 8583 8584 8585 8586 8587 8588 8590 8591 8592 8606 11176 8607 8608 8609 8610 8621 8622 17124 8641 8643 8638 8640 8639 8644 8645 8642 8646 8647 1077 9496 1139 17251 8648 8649
120 6567 1001 11126 1117 6568 1126 1127 1014 1015 11127 1018 1016 1019 1020 1023 1007 1017 1024 1025 1044 1037 1120 1118 1030 1029 1028 1042 1035 1038 1137 1119 1039 1062 1047 17207 1040 11143 1121 1123 1031 1145 1122 1050 1083 1124 1022 1021 1043 1011 1070 1059 1151 1091 1092 1125 11128 1058 1034 1105 1000 1074 1071 1099 1051 1104 1098 1101 1106 11129 1107 1046 1084 1065 1026 1032 11149 1109 1053 1149 17223 8576 8577 8578 8579 8580 8581 8583 8584 8585 8586 8587 8588 8591 8592 8606 8607 8608 8609 8610 8621 8622 8638 8639 8640 8641 8642 8643 8644 8646 8647 8648 9492 9493 9494 8645 8590 8649 17267 17268 17269
195 1001 6567 11126 1117 6568 1119 1118 1126 1127 1014 1015 11127 1018 1016 1019 1020 1023 1007 1017 1120 1024 1025 1027 1029 1044 1030 1037 1042 1028 1035 1137 1039 17207 17208 1047 1062 1038 1031 1040 1051 1121 1123 1145 1122 1050 1083 1084 1124 1059 1091 1125 11128 1011 1012 1043 1058 17209 1034 1151 1092 1105 1065 11129 1000 1074 1071 1086 1006 1049 1021 1004 1053 1070 1022 1069 1116 1046 1153 1114 11142 11143 1048 1154 1099 1104 1098 11149 1113 17223 8576 8577 8578 8579 8580 8581 8583 8585 1101 8584 8586 8587 8588 9494 9495 9496 9499 8590 8591 9498 11176 17249 8592 8606 9493 1109 8607 8610 17124 8608 8621 8609 9492 8638 8641 1107 8639 8622 9497 8640 17251 8642 8643 8644 8647 8645 8646 8648 8649 17229 1076 1077 1078 1139 8614 8611 8619 1079 8624 8625 8626 8617 8612 8628 8623 10674 9506 1143 11153 9508 1142 8635 10693 9510 10692 10688 8615 8633 6581 11076 8594 9718 10344 10345 17086 17088 8593 11087 17082 10303 8596 11077 8601 11088 11091 8602 17103 17965 11078 11083 11090 8595 11079 8603 11089 17085
153 11126 6567 1001 1117 6568 1119 1118 1126 1127 1014 1015 11127 1018 1016 1019 1020 1023 1007 1017 1120 1028 1024 1025 1029 1037 1042 1030 1031 1137 1044 1035 1038 1062 1047 1039 11141 11143 1043 1040 1048 1005 1083 1124 1059 1151 1145 1121 1123 1069 1084 1122 1091 1125 11128 1092 1065 1050 1105 1073 1056 1027 1099 1104 1098 1101 11129 1106 1032 11142 1046 1107 11153 1142 1051 1006 1011 1022 1021 1049 1004 1070 1012 1057 1114 1053 1116 1153 11145 1071 11179 8623 1026 11146 17222 1109 8576 8577 8578 8579 8580 8581 9496 8583 8585 8586 8587 8584 17249 8588 8590 8591 8606 8609 8592 17125 8610 8621 8638 8639 8640 8622 8641 8642 8643 8644 17250 8607 8646 8647 8648 8649 8645 9495 9494 9493 9492 11076 11075 9718 8594 17082 11088 17088 17965 11087 10303 11077 10344 8596 8601 11078 11091 8602
163 6567 1001 11126 1117 1118 1126 6568 1119 1127 1014 1015 11127 11142 1005 1018 1016 1019 1020 1023 1007 1017 1120 11141 1024 1025 1044 1029 1030 1037 1031 1042 1035 1137 1028 1039 1062 1047 1040 1011 1121 1123 1145 1122 1083 1124 1084 1059 1043 1091 1092 1125 11128 1046 1151 1155 1065 1073 1099 1104 1098 1038 1105 11129 1106 1050 1107 1101 1109 1051 17204 1027 11153 11154 8576 8578 8579 8581 8580 8577 8583 8584 8585 8586 8587 11156 17207 17209 8641 8638 8639 8591 8592 11160 1077 10692 8606 8610 8621 8590 8640 8643 8642 8644 8645 8646 8607 1006 1022 1049 1004 1070 8608 9492 9493 9494 1142 9495 9496 9499 9498 9497 11075 1152 1116 1114 1153 1069 1053 1012 1021 1057 1944 11157 1058 1034 1000 1074 1071 1086 1072 1009 11149 1064 10690 1135 17223 10920 17229 17235 17243 17230 17225 17228 17232 8647 8648 8649 9529 9683 8622 8588 8609 17265
129 1001 6567 11126 1117 6568 1119 1118 1126 1127 1014 1015 11127 1009 1128 1018 1016 1019 1020 1023 1007 1017 1120 11141 1024 1025 1029 1044 1030 1037 1031 1042 1008 1028 1035 1137 1038 1055 1039 1062 1047 1040 1046 1051 1056 1121 1123 1145 1122 1050 1083 1124 1084 1059 1151 1091 1092 1125 11128 1065 1132 1011 1049 1036 1099 1104 1098 1026 1033 1069 1101 1105 1106 11129 1005 1147 1155 11144 1058 17222 8576 8577 8578 8579 8581 8583 8584 8580 8585 8586 8587 8588 8590 8591 8592 8606 8607 8608 8609 8610 8621 8622 8638 8639 8640 8641 8642 8643 8644 8645 8646 8647 8648 8649 17252 11076 17086 8594 9718 17088 11087 11088 17082 8596 11091 11079 17103 8601 11077 10303
135 6567 1001 11126 1117 6568 1119 1118 1126 1127 1014 1015 11127 1007 1017 1120 1024 1025 1018 1016 1019 1020 1023 1029 17204 1027 1044 1030 1037 1031 1042 1028 1035 1137 1038 11141 11142 1039 1062 1047 1040 1046 1051 1006 1012 1049 1043 1070 1121 1123 17209 1003 1145 1000 1071 1041 1122 1050 1083 1124 1084 1059 1151 1091 1092 11128 1125 1011 1065 1099 1104 1098 1101 1105 1106 11129 1107 1073 1109 8576 8577 8578 8580 8581 8579 8583 8584 8585 11176 8586 8587 8590 8588 8591 8592 8606 17124 8607 8608 8609 8610 8621 8622 17251 8638 8639 8640 8641 8642 8643 8644 8645 8646 8647 8648 8649 8593 11076 8594 9718 17088 10344 11087 11088 17082 17965 8596 8601 11077 10303 11083 11078 8602 11079 8600 8603
137 6567 11126 1001 1117 6568 1119 1118 1126 1127 1014 1015 11127 1018 1016 1019 1020 1023 1007 1017 1120 1024 1025 1044 1030 1037 1042 1028 1035 1137 1038 1039 1062 1029 1031 1047 1008 1041 17204 1040 1083 1124 1084 1059 1151 1051 1121 1123 1145 1122 1050 1091 1092 1125 11128 1046 17207 1065 1011 1155 1012 1049 1043 1053 1070 1099 1104 1098 1101 1105 1106 11129 1107 1109 1006 1022 1021 1004 1069 1116 17209 1058 1034 11153 11156 1000 1074 1071 1086 11149 1064 1032 11179 1136 1115 17223 17229 17230 17235 17225 17243 17110 17115 17117 8576 8578 8577 8579 8580 8581 8583 8585 8584 8590 8586 8588 8587 8591 8592 8606 8607 8608 8609 8610 8621 8622 8638 8639 8640 8641 8642 8643 8644 8645 8646 8648 8647 8649
112 1024 1025 1023 1020 1016 1019 11127 1015 1014 1127 1126 1120 1044 1030 1037 1017 1007 1029 1028 1062 1042 1031 1039 1047 1040 1121 1123 1145 1050 1083 1059 1091 1124 1051 1122 1092 1125 11128 1065 6567 1001 11126 6568 1117 1049 1074 1071 1000 1119 1118 1018 1137 1084 11129 1105 1099 1035 1038 1046 1151 1104 1106 1098 1101 11145 1107 1026 11144 1155 1011 17223 1109 8576 8577 8578 8579 8580 8581 8583 8585 8586 8587 8591 8592 8584 8606 8610 8622 8621 8638 8639 8640 8641 8590 8607 8608 8642 8643 8644 8645 8646 8647 8648 8649 8609 8588 9492 9493 9495 9496 9498 9499
66 6567 1001 1127 1126 1014 1015 11127 11126 6568 1117 1119 1118 1019 1020 1017 1016 1030 1023 1024 1145 1123 1121 1035 1025 1128 11146 1012 1120 1018 1029 1037 1044 1026 1042 1040 1031 1028 1038 1007 11145 1071 1032 11178 1009 1008 17222 8576 8579 17249 8577 8578 17125 8581 8583 8585 8586 8587 8580 8588 8590 8591 8592 8606 8607 8584 17250
95 6567 11126 1001 1117 1118 6568 1126 1127 1014 1015 11127 11145 1016 1018 1019 1005 1020 1023 1007 1017 1120 1024 1025 1029 1044 1009 1002 11141 1119 1030 1037 1031 1128 11146 1012 1042 1028 1035 1137 1039 1062 1047 1040 1046 1051 1121 1123 1145 1038 1122 1050 1083 1124 1026 1091 1092 8576 8577 8578 8579 8580 8581 11176 8583 8584 8588 8586 8587 8590 8592 8591 8585 8606 8609 8621 17124 8608 8607 17251 8610 8622 8638 8639 8640 8641 8643 8644 8642 8645 8646 8647 8648 8649 1043 1105
89 6567 1001 11126 1117 6568 1119 1126 1118 1127 1014 1015 11127 1018 1016 1019 1020 1023 1007 1017 1120 1024 1025 1029 1044 1030 1037 1042 1028 1137 1009 1128 11141 1039 1062 1047 1040 1005 1035 1051 1121 1123 1145 1122 1083 1124 1084 1059 1135 1151 1031 1050 11147 8576 17249 8577 8578 8579 8580 17125 8581 8583 8584 8585 8586 8587 8588 8590 8606 8607 17250 8610 8621 8591 8592 8608 8609 8622 8638 8639 8640 8641 8642 8643 8644 8645 8646 8647 8648 8649
189 1118 1126 1127 1014 1015 11127 1007 1017 1018 1120 1016 1019 1023 1001 11126 6567 1117 6568 1119 1020 1024 1030 1037 1031 1025 11145 1029 1044 1035 1042 1038 1028 1137 1005 1009 1002 11141 1003 1039 1069 1062 1047 1040 1046 1051 1021 11156 1139 1121 1123 1145 11146 1012 1122 1050 1083 1124 1084 1059 1151 1091 1092 11128 1125 1011 1073 1105 1099 1104 1098 1101 1106 11129 1107 1006 1022 1049 1004 1043 1070 1114 1116 1053 1057 1032 1131 1064 1152 1153 1130 1072 17222 17229 17235 17230 1076 1109 8623 8576 8577 8578 8579 8580 8581 6847 8583 9528 8586 8584 8585 8587 8588 8590 8591 8592 11176 1142 8606 8607 17124 1079 9683 1525 8608 8610 8621 8641 8609 8622 8638 8639 8640 8642 9529 8643 8644 8627 9492 9493 9494 9495 9496 8633 17251 8645 8646 8647 8648 8649 1077 8612 8619 8614 8624 8628 8626 9502 9504 9503 1078 9510 8630 8635 9505 9506 10677 10686 17267 17268 17269 8636 8615 11153 8617 8629 1144 9514 9508 10692 8593 9715 10688 8611 8618 17082 17086 10684 10679 1138
73 6567 1001 11126 1117 6568 1119 1118 1126 1127 1014 11127 11141 11142 1015 1018 1016 1019 1020 1023 1007 1017 1120 1024 1025 1029 1044 1030 1037 1031 1137 1032 1042 1028 1040 1062 1035 1038 1022 1135 1039 11150 1047 1046 1051 17222 1004 8576 8577 8578 17249 8579 8580 8581 17125 8583 17250 8584 8585 8607 8587 8591 8592 8606 8609 8610 8621 8638 8639 8640 8586 8641 8642 8644
136 1001 6567 11126 1117 6568 1119 1118 1126 1127 1014 1015 11127 1018 1016 1019 1020 1009 1128 1017 1024 1025 1120 1029 1044 1023 1030 1037 17204 1027 1007 1035 1028 1008 1137 1031 1038 1042 1039 1062 1047 1040 1083 1124 1059 1046 1123 1145 1122 1091 1092 11128 1121 1051 1084 1125 11141 1041 1056 1050 1151 1011 1012 1021 1043 17209 1058 1034 1065 1000 1074 1071 1086 1105 1106 1154 1155 11129 1006 1022 1049 1070 1004 1114 1053 1069 1116 1153 1099 1104 1098 1101 1107 1005 17223 1109 17235 17229 8576 8577 8578 8579 8580 8581 8583 8585 8586 8587 8584 8591 8592 8606 8590 8607 8610 8621 8622 8608 8609 8638 8639 8640 8641 8642 8643 8644 8588 9492 9493 9494 9495 9496 9498 9499 9497 8645 8646
113 1118 11127 1017 1007 11126 1120 6567 1001 1117 6568 1126 1127 1014 1015 1018 1016 1019 1020 1023 1037 1024 1025 1119 1044 1028 1042 1031 1030 1035 1038 11145 11146 1083 1124 1029 1039 1062 1005 1137 1040 1084 1059 1121 1145 1122 1051 1151 1046 1123 1047 1091 11128 1012 1050 1021 1027 1128 1064 1125 11129 1105 1006 1011 1022 1049 1043 1004 1132 1092 11141 1002 1003 1055 1073 1155 1131 17222 1070 1053 1109 8576 8577 8578 8580 8579 8581 8583 8584 8585 8587 11176 8586 8588 8590 8591 8592 8606 17124 8607 8608 8610 8621 8622 17251 8638 8639 8640 8642 8643 8641 8644 8645 8646
197 6567 1001 11126 1117 6568 1119 1126 1127 1014 1015 1018 1016 1019 1020 1023 1024 1118 11127 1007 1017 1120 1025 1029 1044 1030 1037 1031 1042 1028 1035 1137 1128 11141 1008 1048 1038 1039 1062 1047 1121 1040 1123 1145 1122 1050 1051 1091 1059 1124 11128 1092 1125 1026 1009 11152 1131 1083 1105 11153 1084 1151 1005 11144 1071 11178 1106 11129 1011 1006 1049 1021 1004 1022 1043 1070 1012 1056 1154 1065 1099 1104 1107 11149 17222 8576 8578 8577 8579 8580 8581 8583 8585 8586 8587 8588 8584 8590 8591 8592 9496 9494 9495 1098 1101 8606 8607 1077 9498 9499 8638 8639 17249 17230 8608 9493 9492 9497 8609 17229 17225 1139 17243 1144 17228 8623 8635 11176 8610 8621 8622 8640 8641 8642 8643 1142 10691 8647 17125 8626 1076 17117 6580 1143 10322 9519 1884 8648 8649 8644 8611 8615 8618 1079 1078 8617 8614 8612 11075 17124 8633 17235 8619 9506 9510 17250 8632 17251 8645 8646 17263 11560 8637 11076 17963 8594 10345 11079 10303 9718 17082 11091 11088 11077 10344 11087 8596 8602 11083 17103 8601 17088 11078 1046 18061 18060 9513 18092
180 6567 1001 11126 1117 6568 1119 1118 1126 1127 1014 1015 11127 1018 1016 1019 1020 1023 1007 1017 1120 1024 1025 1029 1044 1030 1037 1031 1042 1035 11141 11143 1032 1008 1039 1137 1038 1028 1062 11153 1047 1040 1051 1121 1123 1145 1122 1050 1083 1124 1084 1059 1151 1046 1091 1092 1125 11128 1065 1105 1106 11129 1009 11146 1012 1107 1011 1144 1005 11145 11178 1006 1022 1049 1021 1043 1004 1053 1114 1116 1153 1070 1069 1057 1152 1099 1104 1098 1101 1131 1135 11150 11179 11142 1128 1064 1073 17229 17235 17243 17225 17230 17228 17244 17237 1139 8617 1884 8632 8623 8635 9505 9503 9683 8578 8581 8577 8580 17110 8576 8583 8585 8579 8587 8586 1078 1525 6754 17249 8630 8591 8592 10322 17117 6580 10316 8653 9528 9529 9508 6583 1212 17125 8606 9504 9506 9510 8584 8590 17250 8638 8639 8640 8641 8607 8610 8621 8642 8643 8644 8645 8646 8622 8588 8608 8609 10305 10314 17268 17267 17269 11155 11156 9524 9527 9530 9525 11057 11054 8615 17996
172 6567 11126 1118 1126 1127 1014 1015 11127 1001 1117 6568 1119 1016 1019 1020 1023 1017 1120 1007 1024 1025 1044 1030 1037 1031 1028 17204 1027 1042 1038 1137 1039 1035 1047 1059 1029 1062 1040 1121 1123 1145 1083 1124 1051 1122 17209 1050 1091 1092 1125 11128 1084 1041 1151 11142 1002 1043 1006 1012 1021 1004 1053 1105 11129 1034 1065 1011 1022 1049 1070 1069 1114 1116 1000 1074 1071 1086 1099 1098 1154 1155 1153 1104 1101 1107 1046 1009 11144 11179 1131 1130 17223 1106 17229 1109 17235 17230 8576 8578 8579 8577 8580 8581 8583 8585 8586 8587 1076 1139 8584 8588 8590 9496 8591 8592 9495 9494 9499 8635 8624 11176 9498 11153 8606 8607 8621 8610 8609 8608 17124 8638 8639 8641 9493 9492 8622 8643 8640 8642 8644 8645 9497 8646 8647 8648 8649 17251 17264 11076 9715 8593 8594 9718 17088 11087 10344 11088 17082 8596 8601 11077 11083 11078 10303 8595 17965 11079 8602 11089 17085 8603 8600
132 1001 6567 1126 11126 1117 6568 1119 1118 1127 1014 1015 11127 1009 1002 1018 1016 1019 1020 1023 1017 1120 1024 1025 1029 1044 1030 1028 1007 1037 1031 1035 1137 1038 1083 11141 1008 1042 1039 1062 1047 1040 1059 1151 1124 1084 1051 1046 1011 1121 1123 1145 1122 1050 1091 1092 1065 11128 1125 1132 1105 11129 1003 1106 1107 1099 1104 1098 1101 1006 1069 1070 1114 1049 1058 1032 11144 1155 17222 1109 17229 8576 8577 8578 8579 8580 8581 8583 8584 8585 8586 8587 8590 8592 8591 8606 8610 8621 8638 8639 8607 8608 8640 8641 8642 8643 8588 8609 8622 8644 8645 8646 8647 8648 8649 11076 8593 9715 8594 17088 9718 10344 11087 11088 17082 8596 11077 10303 8601 11083 8602 11079 17103
165 6567 1001 11126 1117 6568 1119 1118 1126 1127 1014 1015 11127 1018 1016 1019 1020 1023 1007 1017 1120 1024 1025 1029 1044 1030 1037 1031 1042 1028 1035 1038 1137 1039 1062 1047 1040 1083 1124 1121 1123 1145 1051 1046 1005 1009 1036 1011 1122 1050 1084 1059 1151 1091 1092 11128 1125 1065 1105 1106 11129 1107 1006 1012 1021 1049 1004 1043 1053 1070 1069 11153 11156 1099 1104 1155 1002 11141 1098 1101 1078 1022 1057 1116 1114 1152 1153 1058 1128 11146 1071 11147 17222 1109 17230 17229 17235 8576 8577 8578 8579 8580 8581 8583 8584 8585 8586 8587 8591 8588 8590 8592 8606 8610 8621 8622 8638 8639 8640 8641 8642 8643 8644 8645 8647 8648 8649 8646 8609 8607 8608 9524 9527 9530 17267 8593 9715 11076 10345 11075 17963 17268 8594 17088 9718 10344 11087 17082 17965 8601 11077 10303 8596 11083 11078 11090 8595 17103 11091 8602 11079 11088 8600 8603 17085 11089
106 6567 1001 11126 1117 6568 1119 1118 1126 1127 1014 1015 11127 1018 1020 1016 1019 1023 1007 1017 1120 11141 1024 1025 1029 1044 1030 17204 1037 1042 1028 1035 1137 1031 1043 1038 1039 1041 1062 1022 1047 1034 1058 1040 1123 1121 1086 1071 1074 1000 1145 1122 1050 1083 1084 1059 1151 1124 1091 1051 1092 1125 11128 1065 1006 1049 1011 1021 1099 1104 1101 1105 1106 1107 1128 11144 8576 8577 8578 8579 8580 8583 8581 8584 8585 8586 8587 8591 8592 8606 8609 8607 8588 8590 8610 8621 8608 8622 8638 8639 8640 8641 8642 8643 8644 8645 8646
86 6567 1001 11126 1117 6568 1019 1119 1118 1126 1127 1014 1015 11127 1018 1016 1020 1023 1007 1017 1120 11142 1024 1025 1029 1044 1030 1037 1026 1128 11144 1012 1137 1028 1035 1032 1038 1039 1031 1042 11149 1005 11152 1135 11145 1054 1083 17222 8576 8579 8577 8578 8580 8581 17249 8583 8585 8584 8586 17125 8587 8606 8610 8621 17250 8607 8622 8638 8639 8640 8641 8642 8591 8592 8643 8644 8590 8588 8609 8608 8646 8645 8647 8648 8649 9492 9496
113 6567 1001 11126 1117 6568 1119 1118 1126 1014 11127 1016 1019 1020 1015 1127 1018 1024 1025 1044 1029 17204 1023 1027 1007 1017 1120 1030 1038 1035 1037 1028 1083 1124 1039 1062 1047 1091 1084 1059 1031 11142 1002 1121 1123 1145 1092 1125 11128 1022 1069 1049 1034 17209 1058 1000 1074 1071 1086 1122 1065 1040 1051 1046 1042 1137 1151 1048 1050 1006 1154 1155 1008 1005 17223 1109 1104 8577 8578 8576 8579 8580 8581 11176 8583 8585 8586 8587 8588 8584 8590 8591 8592 8606 8607 17124 8608 8609 8610 8621 8622 8638 8639 17251 8640 8641 8642 8643 8644 8645 8646 8648 8647 8649
132 6567 1001 11126 1117 6568 1119 1126 1127 1015 1014 11127 1016 1118 1020 1023 1007 1019 1018 1017 1024 1025 1030 1120 1029 1044 1037 11145 1042 1028 1035 1002 11141 1032 1062 1008 1005 1137 1039 1031 1047 1040 1121 1123 1083 1124 1145 1021 1027 1122 1050 1048 1084 1059 1091 1038 11128 1049 1004 1022 1012 1043 1053 1069 1116 1006 1011 1114 1070 1092 1046 1154 1056 1125 1131 1009 1071 1106 17222 17229 17235 1109 8576 8577 8578 8579 8580 11176 1077 1079 8581 8583 8585 8586 8587 8584 8591 8592 11153 8588 8590 8624 1151 1105 17124 1098 8606 8607 8608 8609 8610 8621 8622 17251 8638 8639 11076 8594 9718 10344 11087 17088 8604 8603 10343 8600 8596 10303 11088 11079 8602 11091 17082
147 6567 1001 11126 1117 6568 1119 1118 1126 1127 1014 1015 11127 1018 1016 1019 1020 1023 1017 1120 1007 1024 1025 1029 1044 1030 1037 1031 1042 1035 1028 1137 1038 1039 1062 1040 1047 1051 1032 11152 1121 1123 1145 1122 1050 1083 1046 1124 1151 11145 1071 1009 11141 1084 1059 1091 1065 1092 11128 1077 1003 1076 1079 11153 11154 1125 1036 1006 1150 1149 11155 11156 11157 11146 17222 17229 17235 17230 17225 17243 17228 17244 10675 11160 10305 8577 8578 8576 8579 8580 8581 8583 8584 8585 8586 8587 8588 1099 1104 1098 1101 1011 17249 8606 8590 8591 8592 8607 17125 8608 17250 8609 8610 8621 8622 8638 8639 8640 8641 8642 8643 8644 8647 8648 17267 17269 17268 1139 1140 8593 11076 9715 9716 17965 8594 17088 9718 10344 11087 11088 17082 8596 8601 11077 10303 11078 8595 11083
112 1001 6567 11126 1117 6568 1119 1118 1126 1127 1014 1015 11127 1018 1016 1019 1020 1023 1007 1017 1120 1024 1025 1029 1044 1030 1037 1031 1042 1028 1035 1039 1137 1038 1062 1005 11149 11152 1047 1040 1046 1051 1121 1123 1145 1122 1050 1083 1124 1084 1059 1151 1091 1092 1125 11128 1026 1128 1132 1012 11178 1041 1006 1136 1074 11147 1032 11144 1131 1135 17222 8576 8577 8578 8579 8580 8581 8583 17249 8584 8585 8586 8587 8588 8590 8606 17125 8591 8592 8607 1065 8608 1099 1104 1098 1101 1105 1106 11129 1107 8609 17250 8610 8621 8622 8638 8639 8640 8641 8642 8643 8644 17263
165 6567 1001 11126 1117 6568 1119 1118 1126 1127 1014 1015 11127 1018 1016 1019 1020 1023 1007 1017 1120 1024 1025 1029 1044 1030 1037 1031 1042 1028 1035 1137 1038 1009 11143 11141 1008 1041 1083 1124 1084 1059 1151 1039 1062 1047 1040 1123 1132 1006 1021 1121 1145 1122 1050 1091 1092 1125 11128 1065 1105 1033 1069 1106 11129 1107 1051 1012 1043 1049 1053 1058 1005 1071 17222 1153 1154 1099 1098 1101 1104 1109 8576 8577 8578 8579 8580 8581 8583 8584 8585 8586 8587 8590 8606 8591 8592 8607 8608 8609 8610 8621 8622 8638 8639 8640 8641 8642 8643 8644 8645 8646 8647 8648 8649 9492 9493 17252 9497 9494 9498 9495 9499 9496 11076 17963 10345 8594 17086 11088 11087 17088 9718 10344 17082 17965 8593 11075 9715 9714 10302 10303 8596 11078 11077 8601 11090 8595 17089 10304 10343 11082 17083 11074 11085 11083 11091 1046 8602 11079 17103 11089 8603 17085 8604 8600
129 6567 1001 11126 1117 6568 1119 1118 1126 1127 1014 1015 11127 1018 1016 1019 1020 1023 1007 1017 1120 1024 1025 1029 1044 1030 1037 1042 1031 1028 1035 1137 1039 1038 1062 1040 1047 1032 1132 1071 1051 1046 1121 1123 1145 1122 1083 1124 1059 1050 1026 1128 11142 1012 11178 1084 1151 1091 1092 1125 11128 1011 1006 1022 1021 1049 1043 1004 1053 1116 1065 1105 1106 11129 1107 1070 1069 1099 1104 1101 1003 1048 1073 1155 1131 11148 1063 17222 8576 8577 1098 8578 8583 8581 8584 17249 8580 8579 8585 8586 8587 8606 17125 8588 8591 8592 8610 8621 8590 8609 8622 8638 8639 8607 8640 8641 8642 8643 8644 9528 9683 8623 1525 10679 10684 9529 1142 1079 8633 1138
178 1118 1126 1127 1014 1015 1018 1016 1020 1023 1019 1025 1024 1029 1044 1028 6567 1001 11126 1117 6568 11127 1007 1120 1017 1030 1037 1042 1035 1119 1009 11143 11141 1003 1039 1031 1137 1048 1062 1038 1047 1121 1123 1145 1083 1124 1040 1091 1122 1084 1059 1006 1012 1049 17209 1050 1000 1074 1071 1086 1092 1154 1151 1125 1011 1022 1021 1004 1043 1053 11128 1116 1070 1105 1069 1114 1057 1153 1152 1051 1065 1106 11129 1046 1026 11149 1064 1099 1104 1098 1101 1063 1136 17223 1032 1109 17229 8576 8583 8584 8577 8578 8579 8580 8581 8585 8586 8587 11176 8588 8590 8591 8592 8606 17124 8607 8608 8609 8610 8621 8622 8638 8639 8640 8641 17251 8642 8643 8644 8645 8646 8647 8648 8649 9492 9493 9495 9496 9497 9498 9494 9499 11076 8594 9718 11087 11088 17082 8596 8601 10303 11077 11078 8602 11091 17088 11083 11079 8600 10345 11075 9715 9716 10304 9717 11080 10349 8598 8605 10346 8603 8604 10347 11089 17084 10344 8595 17103 17085
198 6567 1001 1118 11126 1117 6568 1119 1126 1127 1014 1015 11127 1018 1016 1019 1020 1023 1007 1017 1120 1024 1025 1029 1030 1037 1044 1028 1039 1047 1121 1123 1035 1145 1137 1031 1042 1083 1124 1059 1062 1051 1091 1040 1038 11143 1009 11141 1008 1125 11128 1122 1092 1065 1050 1084 1048 1151 8638 8639 8641 8640 8643 8614 11156 1139 1105 11153 9503 8623 1056 8625 8624 11157 1106 1005 1011 1036 1114 1099 11152 11146 11160 11159 11129 1154 1006 1022 1049 1004 1012 1043 1069 1021 1070 11178 1131 1142 9505 9521 1104 10305 1128 11145 1064 1026 1074 1136 11148 1116 1053 17222 1130 1046 17229 17235 17230 17243 17225 8576 1098 1101 1078 8619 8577 8578 8579 8580 8581 8583 8584 8585 8586 8587 9683 9496 8591 8592 8590 8642 8610 8621 9499 9495 17249 1525 9528 8606 8607 11176 9492 9493 8609 17125 17124 8622 8644 1079 8646 8645 17250 8648 17267 17269 17268 11103 9529 8633 17110 10684 10679 1138 9718 10345 8594 9714 11088 9715 8593 17082 11076 11075 10344 17083 11082 11081 11087 17965 17088 8596 10303 11091 11077 8602 8601 8603 11083 11079 17103
40 11126 1001 1126 1127 1014 1015 1016 1019 1018 1023 1020 1024 1007 11127 1017 1120 1118 1025 1029 1030 1037 1038 1035 1137 1039 1062 1040 1046 1121 1123 1122 1050 8576 8577 8578 8579 8580 8583 8586 8587
139 6567 11126 1001 1117 6568 1119 1118 1126 1127 1014 1015 11127 1018 1016 1019 1020 1023 1007 1017 1120 1024 1025 1029 1044 1030 1037 1031 1042 1028 1035 1137 1038 1002 1005 1008 1041 1083 1124 1059 1151 1039 1062 1047 1084 1040 1046 1051 1121 1123 1145 1122 1050 1006 1091 1092 1132 1021 11128 1065 1125 1105 1026 1106 11129 1107 1099 1104 1098 1101 1049 1155 1011 1012 1022 1043 1004 17222 1053 1070 1114 1069 1116 1109 17229 17235 17225 8576 8577 8578 8579 8580 8581 8583 8584 8585 8586 8587 8588 8591 8592 8590 8606 8609 8610 8621 8607 8608 8622 8638 8639 8641 8640 8642 8643 8644 8645 8646 8647 8648 8649 9492 9493 9494 9495 9497 9498 9499 9496 17243 9524 9527 9530 11054 11057 10305 17110 17111 17117 11153
134 6567 1001 11126 1117 1126 1119 6568 1118 1127 1014 1015 1009 1005 1016 1019 11127 1020 1018 1023 1017 1120 1007 1024 1025 1030 1029 1044 1037 1042 1031 1003 1028 1035 1137 1038 1124 1039 1083 1059 1040 1151 1062 1047 1084 1121 1123 1145 1122 1056 1051 1091 1125 11128 1105 1092 11129 1073 1050 1104 1098 1099 1101 1106 1046 1065 1107 1006 1011 1022 1049 1021 1043 1004 1053 1069 1070 1116 1114 1012 1131 1071 11179 1057 1153 11144 17222 1034 1109 8576 8577 8578 8579 8580 8581 8583 8584 8585 8586 8587 8591 8592 8590 8606 8610 8621 8622 8588 8638 17250 8639 8640 8641 8642 8643 8644 8607 8608 9492 9493 9494 9495 9496 9497 9498 9499 8647 8648 8609 8646 8645 8649 17267 17268 17269
127 1016 1019 1020 1018 1023 1007 1017 1120 1001 11126 1118 1126 1127 1014 1015 11127 1024 1025 1044 1030 6567 1028 1035 1117 6568 1119 1031 1037 1042 1027 1137 11142 11141 1039 1062 1047 1040 1121 1123 1145 1083 1124 1029 1122 1059 1022 1049 1006 11128 1091 1000 1074 1071 1086 1105 1151 1084 1106 1092 1125 1099 1065 1104 1098 1101 11129 1107 1046 1038 1051 1109 1055 1011 1003 1131 8576 8577 8578 8581 8579 8580 8583 8585 8584 8587 8586 8590 11176 8591 8592 8606 8607 17124 8608 8610 8621 8638 8639 8640 8641 8643 8644 8642 8645 8588 8609 8622 8647 8649 8646 8648 11076 8594 9718 11087 11088 17082 8596 10303 11077 11083 11078 11091 8601 8602 11079 17103
87 6567 11126 1001 1117 1127 6568 1119 1118 1014 1015 1017 1018 1019 1126 1020 11127 1023 1128 1028 1005 1024 11146 1137 1064 1025 1044 1120 1007 1130 1008 1022 1032 17249 8584 8576 8577 8578 8579 8580 8581 8583 8585 8592 8591 8586 8587 8588 8606 8607 8608 8609 8610 8621 8622 8638 8639 8640 8641 8642 8643 8644 8645 8646 8647 8648 8649 8590 11076 8594 9718 17082 11078 10303 11077 11083 11087 11091 8604 8603 8602 11088 8596 17085 11089 1042 1106 11145
177 11126 1118 11127 1007 1017 1120 6567 1001 1117 1126 1127 1014 1015 1018 1016 1019 1020 1023 1024 1025 1029 1044 1030 6568 1119 1037 1031 1042 1028 1035 1137 1038 11141 1005 1003 1039 1062 1040 11145 11146 8614 1121 1123 1122 11152 1047 1046 1083 1124 1084 1059 1151 1051 1050 1145 1091 1092 11128 1065 1125 1069 1012 1154 1048 1021 1027 1056 1032 11142 1099 1104 1098 1101 1105 1106 11129 1107 1011 1006 1022 1049 1043 1004 1053 1070 1114 1116 1153 11149 11179 1109 11147 1108 17222 8576 8577 8578 8579 9683 9528 8580 8581 17249 8583 8584 1142 8585 1078 1139 1079 8586 8587 8590 8591 8592 9496 9494 9498 9495 9499 8641 8626 8628 11153 11156 17229 17235 8643 6581 8606 17125 9529 17110 8623 8619 17250 8607 8647 8648 8649 8638 8639 8640 8642 8644 8645 8646 8608 8609 8610 8621 8622 8588 1138 8633 1525 10679 10684 11076 8593 9715 10345 8594 17088 9718 11087 17082 11088 8596 8601 10303 11077 11078 11091 8602 11079 8600
13 6567 1001 11126 1117 6568 1119 1118 1126 1127 1018 1019 1020 1023
159 1118 1126 1127 1014 1015 1018 1016 11127 1019 1020 1023 1024 1025 17204 1044 1008 6567 1001 11126 1117 6568 1119 1007 1017 1120 1030 1029 1037 1031 1042 1028 17207 1035 1039 1137 1062 1047 1121 1123 1145 1122 1043 1021 17209 1074 1071 1000 1086 1083 1124 1084 1059 1151 1091 1092 11128 1125 1038 1050 1065 1048 1040 1046 1051 1107 1101 1098 1099 1104 1106 1105 11129 1006 1154 1049 1032 8576 8577 8578 8579 8580 8581 8583 8585 8584 8586 8587 8588 8590 11176 8591 8592 8606 9492 9493 9494 9498 9495 8610 8621 9499 8609 17124 8622 8608 8607 8638 8639 8640 8641 8642 1109 8643 8644 8646 8645 17251 8647 8648 8649 9497 9496 11076 8594 9718 17082 11087 17088 11088 8601 8596 10303 11077 11091 11078 11083 8600 11079 8602 9715 9716 10345 11075 10304 10344 9717 10349 11080 8595 8598 8605 10346 17103 8603 8604 10347 11089 17084 17085
130 1001 11126 6567 1117 1119 6568 1118 1126 1127 1014 1015 11127 1018 1016 1019 1020 1023 1017 1007 1120 1009 1002 11141 1024 1025 1029 1044 1030 1037 1031 1042 1043 1028 1035 1137 1038 1048 1005 1039 1062 1047 1040 1051 1069 1046 1145 1083 1124 1021 1027 1151 1059 1121 1123 1122 1050 1084 1128 11142 11152 1091 1092 11128 1065 1125 1006 1022 1012 1004 1011 1049 1070 1114 1116 1053 1153 1105 1106 11129 1107 1099 1104 1098 1101 11146 1026 11144 1003 17222 1109 8576 8577 9683 8578 8579 1139 17110 8580 11153 8583 8584 8585 8587 8606 17125 8586 8588 17250 8591 8592 8607 8610 8621 8638 8639 8640 8641 8642 8643 8644 8623 1079 10684 9528 1525 10679 9529 1142 8633 1138
74 6567 1001 11126 1117 6568 1119 1126 1127 1014 1015 1018 1024 1025 1019 1016 1020 1023 1118 11127 1017 1029 1030 1007 1120 11142 1031 1044 1128 1039 1071 11146 1028 1042 11143 11141 1043 1035 1037 17222 8576 17249 8578 17125 8577 8579 17250 8581 8580 8583 8584 8585 8591 8588 8590 8592 8606 8607 8608 8609 8610 8621 8622 8638 8639 8640 8641 8642 8643 8644 8645 8646 8647 8648 8649
109 6567 11126 1001 1126 11127 1127 1014 1015 1117 6568 1119 1118 1018 1016 1019 1020 1023 1007 1017 1120 1024 1025 1029 1044 1030 1037 1031 1042 1005 1028 1035 1137 11143 1009 11141 1003 1038 1048 1039 1021 1062 1047 1040 1046 1051 1121 1123 1145 1122 1050 1083 1124 1084 1059 1091 1092 1125 11128 1065 1011 1006 1049 1151 1099 1104 1098 1101 1022 1012 1070 1069 1004 1043 1026 1106 11149 11152 11145 11147 1109 8576 8578 9496 17249 17125 8577 8579 8580 8581 8583 8606 8607 8584 8585 8594 9718 11076 11087 17082 11091 8601 8596 10303 11078 11083 11088 17088 10344 11077
84 6567 11126 1001 1117 6568 1119 1118 1127 1126 1014 1015 11127 1018 1019 1020 1023 1037 1024 1025 1029 1044 1030 1031 1042 1016 1017 1120 1007 1028 1035 1137 1038 1026 1032 1039 8576 17249 17125 17250 8577 8578 8579 8580 8581 8583 8584 8585 8622 8643 8586 8587 8588 8590 8592 8606 8607 8609 8608 8610 8638 8639 8640 8641 8642 8644 8645 8646 8647 8648 8649 1005 1128 1008 1062 1047 1040 1051 1121 1123 1145 1122 1050 1043 1049
76 6567 1001 11126 1117 6568 1119 1118 1126 1127 1014 1015 11127 1018 1019 1020 1016 1024 1025 1023 1017 1128 1007 1044 11142 1037 1137 1039 1012 1029 1120 1038 1042 1030 1028 1062 1131 17222 1034 1121 1123 8576 8577 8578 17125 8606 8621 8638 8639 8644 17250 8607 8579 8580 8581 8583 8585 8584 8608 8591 8592 8610 8622 8641 8609 8642 8640 8643 8645 8590 8588 8586 8646 8647 8648 8649 8587
83 1126 1127 1014 1015 1019 1016 1018 1020 1023 1024 1025 1044 1029 11127 1118 1007 1017 1120 1030 6567 1001 11126 1117 6568 1119 1028 1035 1038 1062 1039 1037 1042 1137 1009 11146 1032 11142 1047 1121 1123 1145 1122 1083 1124 1084 1040 1027 1021 11149 1135 1132 1091 1125 1059 1026 1150 17222 8576 8578 8577 8579 17249 8580 8583 8585 8586 8587 8606 8584 17250 8591 8592 8581 8607 8590 8621 8638 8639 8640 8641 8642 8643 8610
132 6567 1001 11126 1117 6568 1119 1118 1126 1127 1014 1015 11127 1018 1016 1019 1020 1023 1007 1017 1120 1128 1009 11141 1024 11145 11146 1025 1029 1044 1030 1037 1005 1031 1042 1028 1035 1137 1038 1043 1048 1012 1083 1124 1084 1059 1151 1039 1062 1047 1040 1071 1132 1046 1121 1123 1145 1051 1056 1122 1050 1091 1092 1073 11128 1065 1125 1105 1099 1104 1098 1131 1101 1106 11129 1107 11144 17222 1058 17229 1109 8576 8578 8579 8577 1139 17249 8580 8581 8583 8584 8585 8586 8587 8606 17125 8607 17250 8638 8641 8608 8591 8592 8609 8610 8621 8622 8639 8640 8642 8643 8644 8645 8647 8623 8614 9528 1525 1079 8594 9718 10344 17082 11087 11076 17088 17965 8596 11088 10303 8601 11077 11078
133 6567 1001 11126 1117 6568 1119 1118 1126 1127 1014 1015 11127 1128 1005 1018 1016 1019 1020 1023 1007 1017 1120 1024 1025 17204 1029 1044 1042 1030 1037 1031 1008 1028 1035 1137 1038 1048 1039 1062 1047 17209 17207 1040 1051 1121 1123 1145 1122 1022 1049 1043 1006 1070 1034 1050 1074 1071 1000 1072 1083 1124 1084 1059 1151 1091 1125 11128 1092 1046 1065 1099 1104 1098 1101 1105 1106 11129 1107 1011 1109 1009 1054 8576 8577 8578 8579 8580 11176 8581 8583 8584 8585 8586 8587 8588 8590 8591 8592 8606 17124 8607 8608 8609 8621 8622 8610 8638 8639 8640 8641 8642 8643 8644 8645 8646 8647 8648 8649 11076 8594 17088 9718 10344 17082 11087 11088 10303 8596 8601 11077 11083 11078 8603
100 6567 1001 11126 1117 6568 1119 1118 1126 1127 1014 1015 11127 11143 1018 1016 1019 1020 1023 1007 1017 1120 1024 1025 1029 1044 1030 1037 1031 1042 1028 1035 1137 1043 1038 1041 1039 1062 1047 1040 1121 1005 1006 1132 1021 1053 1123 1145 1083 1124 1122 1154 1050 1051 1084 1059 1151 1155 1091 1092 1125 11128 1065 1105 1099 1104 1147 1058 11149 17222 1109 8577 8576 8578 8579 8580 8581 8583 8585 8586 8587 8584 8591 8606 8610 8621 8643 8593 11076 8594 17088 9718 11087 10344 17082 11088 17965 8596 11077 10303 8603
143 1120 1014 11127 1015 1118 11126 6567 1044 1001 1117 1126 1127 1007 1023 1019 1024 1025 1020 1016 6568 1018 1029 1042 1035 1062 1121 1123 1145 1030 1002 1005 1006 1049 1043 1017 1031 17209 1037 1028 1119 1038 1039 1040 1000 1074 1071 1086 1032 1041 1050 1083 1059 1151 1084 1122 1091 1092 1124 1105 1047 1051 1125 1065 1106 11128 1107 1099 1098 1101 1104 1137 1046 1073 1155 1056 1109 11129 1026 11146 8577 8578 8576 8579 8580 8581 8584 8585 8586 8587 8590 8583 11176 8591 8592 8606 8609 17124 8607 8608 8610 8621 8622 8638 8644 8639 8640 8641 8642 8643 8647 8648 8649 8646 8645 8588 11076 8593 9715 8594 9718 11088 8596 11087 17082 8601 10303 8602 11077 17103 11091 11079 8600 11078 11089 8603 10347 9714 10349 8598 17085 10346 11083 17084
152 11126 6567 1001 1117 6568 1119 1118 1126 1127 1014 1015 11127 1018 1019 1020 1016 1023 1007 1017 1120 11143 11141 1024 1025 1044 1029 1030 1037 1042 1028 1031 1035 11145 1137 1038 1039 1062 1005 1048 1121 1123 1069 1047 1040 1145 1083 1124 1051 1122 1050 1084 1059 1011 1091 1092 1125 11128 1151 1065 1154 1046 1099 1104 1105 1098 1101 1106 1107 1026 1009 11146 1064 1006 1012 1021 1049 11144 1136 17222 17229 1109 8576 8577 8578 8580 8579 8581 8583 8584 8585 8587 8586 8588 8590 8591 8592 11176 8606 17124 8607 8608 8609 8610 8621 8622 8641 8643 8638 8639 8640 8642 8644 17251 8647 8648 8649 8645 9492 9493 9494 8646 9495 9496 9497 9499 9498 17267 17268 17269 17230 11076 8593 8594 9718 17088 10344 11087 11088 17082 10303 17965 8601 8596 11077 11078 8602 11079 8600 8603 17085 11089 11091
148 6567 1001 11126 1117 1126 1127 1014 1015 11127 1020 1023 1007 6568 1119 1118 1016 1019 1018 1017 1024 1025 1029 1044 1037 1120 1030 1042 1028 1035 1083 1124 1059 11142 1005 1084 1039 1031 1038 1062 1121 1145 1123 1047 1009 1132 1049 1006 1137 1122 1050 1092 11128 1091 1125 1151 1155 1040 1051 1065 1105 1041 1099 1008 1104 1106 1046 1101 1098 1107 11129 1043 1113 1012 17222 1109 17229 17230 17235 8576 1525 10305 8577 8578 8579 8580 8581 8583 8584 8585 8586 8587 1142 10314 11176 8591 8592 8588 8606 8609 8653 8610 8638 8639 8641 1079 17124 8621 8642 8643 8644 8640 8622 8607 8608 9493 9492 9495 9494 9498 9499 9497 8590 8648 8649 8646 8645 8647 8623 8633 10679 9529 9683 9528 10684 17983 9524 9527 9530 11057 11054 8593 10345 17963 11075 9715 11081 1032 1071
153 6567 1001 11126 1117 6568 1119 1118 1126 1127 1014 1015 11127 1018 1016 1019 1020 1023 1007 1017 1120 1024 1025 1044 1037 1030 1042 1029 1083 1124 1028 1039 1031 1035 1038 1137 1128 1005 11141 1003 1062 1047 1121 1123 1145 1122 1040 1084 1059 1091 11128 1022 1021 1004 1006 1151 1050 1092 1125 1065 1073 17209 1034 1011 1155 1012 1049 1043 1114 1000 1071 1074 1086 1070 1053 1116 1069 1153 1051 1046 1105 1106 11129 1057 1152 1107 1099 1104 1032 1131 11149 1113 17223 8576 8577 8578 8579 8580 8581 8583 8584 8585 8586 8587 8591 8606 8592 8610 8590 8588 8607 8608 8609 8621 8622 8638 8640 8641 8642 8643 8644 8645 8646 8647 8648 8649 9496 8639 1098 1101 1109 17267 17268 17269 9524 9530 9527 9525 8594 9718 10344 17088 11088 17082 11087 10303 8596 11077 11076 11091 8602 11078 11079 8603
162 6567 1001 11126 1117 6568 1118 1126 1119 1127 1014 1015 11127 1018 1016 1019 1020 1023 1007 1017 1120 1024 1025 1029 1028 1044 1030 11145 1039 1005 1037 1031 1042 1121 1123 1083 1009 1035 1137 1038 1145 1128 1091 1062 1047 1040 1046 1051 1122 1084 1092 1050 1124 1151 1059 1125 11128 1065 1099 1104 1098 1101 1106 1006 1105 1109 1107 1053 1070 1069 1114 1011 1022 1012 1049 1021 1004 1043 11129 1026 1057 17222 8576 8577 8578 8579 8580 8581 8583 8585 8606 11176 8588 8584 8586 8587 8590 8591 8592 8607 8608 8609 8610 8621 17124 8623 1525 8622 8638 8643 8644 17251 8639 8642 8640 8641 8645 8646 8647 8649 8648 9493 9492 9494 9495 9496 9497 9498 9499 9528 9683 10679 10684 9529 1142 1079 8633 1138 17267 17268 17269 11076 8594 9718 11087 11088 17082 8596 8601 10303 11077 11078 11091 8602 8603 8604 11090 8595 17103 10344 17088 11079 8600
110 11126 1127 1126 1014 1015 6567 1001 1117 6568 1119 1018 1019 1020 1023 1016 1024 1025 1029 1044 1005 1009 1030 11145 1028 1035 1038 1118 11127 1007 1017 1137 1120 11152 1031 1037 1042 1040 1032 1008 1048 1069 1012 1047 1039 1062 1021 1083 1124 1084 1051 1121 1123 1145 1105 1106 11129 1091 11128 1107 1065 1099 1104 1101 1092 1125 1122 1056 1154 1059 1151 1046 1050 1098 11150 1090 17222 1109 8576 9496 17249 17250 8577 8578 8579 8580 8581 8583 8584 8585 8586 8621 8594 17088 9718 11087 8596 8601 11076 11091 8602 11079 11078 8600 11088 17082 10303 11077 17085 11089 8603
124 1126 1127 1014 1015 1018 1016 1019 1020 1023 1024 1025 1029 1044 1028 17204 1118 11127 1017 1007 1120 1037 1031 1042 1030 17207 1035 1137 1038 11142 1009 1032 1008 1055 1039 1062 1022 1021 1011 1034 17209 1047 1000 1074 1071 1086 1040 1083 1046 1051 1145 1121 1123 1122 1050 1124 1084 1059 1151 1091 1092 1125 11128 1065 1099 1104 1098 1101 1105 1106 11129 1107 1109 8576 8577 8578 8579 8580 8581 8583 8584 8585 8586 8587 8588 8590 8591 11176 8592 8607 8606 6567 1001 11126 1117 6568 1119 8608 8609 17124 8610 8621 1154 8622 8638 17251 8644 11076 8594 9718 17088 10344 17082 8595 8596 8601 11087 11088 11077 11083 10303 11078 11091 17103 8604
177 1118 11126 11127 1007 1017 1120 1030 1037 6567 1001 1117 6568 1119 1126 1127 1014 1015 1018 1016 1019 1020 1023 1024 1025 1029 1044 1028 1042 1137 1038 1035 1031 1039 1062 1047 1040 1046 1051 1121 1123 1145 11145 11146 1050 1083 1124 11143 1005 1032 1122 1084 1059 1151 1091 1092 11128 1125 1065 1069 1012 1021 1027 1003 1055 1128 11142 1064 11153 1098 1099 1104 1101 1105 1106 11129 1107 11160 1006 1011 1131 11179 1022 1049 1043 1004 1053 1114 1057 1116 1109 1026 17222 17229 17235 17230 17243 8576 8577 8578 8579 8580 8581 8583 8584 8585 8586 8587 8590 8588 11176 8591 8592 8606 8608 8607 8609 17124 8610 8621 8622 8638 8639 8640 8641 8642 8643 8644 8645 17251 8646 8647 8648 8649 17263 8593 9715 9716 10345 11075 11076 17963 17086 8594 17088 9714 9718 10302 10304 10343 10344 11073 11085 11081 17083 11082 11087 17082 11088 8596 8597 8601 10303 9717 11077 11078 11083 10349 11090 8595 17089 11091 8602 11079 17103 8603 8604 11089
165 6567 1001 11126 1117 6568 1119 1118 1126 1127 1014 1015 11127 1018 1016 1019 1020 1023 1007 1017 1120 1024 1025 1029 1044 1137 1038 1039 11141 11143 1043 1035 1028 1030 1042 8623 8614 1037 1031 1062 1005 11152 1047 1040 1046 1051 1121 1123 1145 1122 1050 1083 1124 1084 1059 1151 1091 1092 1125 11128 1065 1099 1104 1098 1105 1101 11129 1069 1006 1154 1106 1107 1021 1027 1009 11149 1078 1011 1012 1049 1004 1053 1057 1070 1116 1114 1153 1022 8576 8577 8578 1109 8579 8580 8581 1076 11156 1079 1142 8615 11145 1071 1155 1063 17222 17229 17235 17230 17243 17225 17228 17232 17244 1139 8611 8583 8584 8585 8586 8587 8588 1525 9683 8590 17249 8591 8592 9528 8635 8606 8607 10679 9514 9505 9506 9510 9504 17125 8609 8610 8621 8638 8639 17250 8625 8640 8641 8643 10865 10689 8613 9513 8622 11168 10680 8642 8644 9529 8645 8608 8647 8646 8648 10684 8633 1138
98 6567 1001 11126 1117 6568 1119 1118 1126 1127 1014 1015 11127 1018 1016 1019 1020 1023 1007 1017 1120 1024 1025 1029 1044 1030 1037 1042 1031 1028 1035 1137 1038 1039 1062 1047 1040 1121 1123 1145 1009 1051 1083 11146 1012 1122 1084 1059 1002 1032 1008 1124 1131 1151 1091 1092 1125 1065 1105 1043 11128 8583 8576 17249 1046 1050 1099 1104 1106 8577 8578 8579 8580 8581 8584 8585 8586 8606 17125 8587 8591 8592 8609 8610 8621 17229 8641 8638 8639 8640 17250 1076 8607 8622 8642 8643 8644 8645 8646
112 6567 1001 11126 1117 6568 1118 1126 1127 1014 1015 11127 1018 1016 1019 1020 1023 1007 1017 1120 1024 1025 1029 1044 1030 1037 1128 1035 1031 1042 1039 1003 1028 1137 1145 1062 1121 1009 1047 1123 1083 1124 1122 1059 1091 1084 1092 1125 1151 11128 1065 1105 1155 11129 1119 1006 1021 1114 1011 1012 1022 1049 1004 1043 1070 1038 1051 1040 1050 1106 1073 1053 1116 1032 17222 1109 8576 8579 8577 8578 8580 8581 8583 8584 8585 8586 8587 8591 8592 8606 8590 8607 8622 8610 9495 8621 8638 8639 8641 8588 8608 8609 8640 8642 8643 8644 8645 8646 8647 8648 8649 1005 1072
145 6567 1001 1127 11126 1126 1117 1119 6568 1118 1014 1015 11127 1016 1019 1007 1017 1120 1024 1020 1023 1025 1044 1030 1037 1042 1028 1035 1039 1062 1047 1038 1121 1123 1145 1122 1049 1031 1018 1083 1124 1137 1029 1059 1005 11142 1011 1006 1022 1000 1074 1021 1012 1043 1053 1004 1070 1114 1046 1003 1055 1069 1050 1051 1084 1153 11128 1116 1057 1152 1091 1151 1092 1125 1065 1040 1105 1073 1026 11144 11129 17229 17235 1098 8576 8577 8578 8579 8580 8581 8583 8584 8585 8586 8587 8590 8591 8592 8606 8610 8621 8622 1099 1104 8638 8639 8640 8641 8642 8643 8644 8645 8646 1106 1107 1101 17267 17268 17269 9524 9527 1078 1142 1139 8588 8607 8608 8609 8647 8648 8649 9496 9495 9499 9492 9494 9498 9493 9497 1076 1143 1077 8623 8624 8614 8593
140 6567 1001 11126 1117 6568 1119 1118 1126 1127 1014 1015 11127 1018 1016 1019 1020 1023 1007 1017 1120 1024 1025 1029 1044 1030 1037 1031 1042 1028 1035 1137 1038 1002 1009 1083 1124 1084 1039 1047 1059 17207 1062 1040 1121 1123 1145 1051 1122 1046 1151 1021 1004 1012 1034 17209 1058 1091 1092 1125 1050 11128 1065 1000 1074 1071 1105 11129 1099 1104 1098 1101 1106 1107 1109 1026 11145 8576 8577 8578 8579 8580 8581 8583 8584 8585 8588 8586 11176 8587 8590 8591 8592 8606 17124 8607 8608 8609 8610 8621 8622 8638 17251 8639 8640 8641 8642 8643 8644 8647 8648 8649 8645 8646 9496 11141 1043 1055 1011 1154 1155 11076 8594 17082 9718 11087 8596 8601 10303 11077 11078 8602 11091 11079 8604 10344 11083 11088 8600 17085 11089
139 6567 1001 11126 1117 6568 1119 1126 1127 1014 1015 11127 1016 1019 1020 1023 1018 1017 1007 1120 1024 1025 1044 1030 1037 17204 1029 1031 1028 1035 1137 1042 1038 1083 1039 1118 1047 1062 1124 1059 1040 1128 11142 11141 1003 1051 1048 1091 1092 11128 1046 1121 1123 1145 1011 1022 1049 1004 17209 1065 1125 1000 1074 1071 1086 1122 1151 1050 1084 1099 1098 1104 1101 1105 11129 1106 1005 1012 1107 1131 17223 1058 1109 8576 8577 8578 8579 8580 8581 8583 8585 8586 8587 8584 8588 11176 8590 8591 8592 8606 8610 8621 8607 17124 8608 8609 8638 8639 8622 8640 8641 8642 8643 8644 8645 8647 8648 8649 8646 11562 9492 9493 9494 9495 9496 9497 18035 11076 8594 17088 11087 9718 11088 10344 8596 10303 17082 17965 11091 11077
174 6567 1001 11126 1117 6568 1119 1118 1126 1127 1014 1015 11127 11143 1128 1018 1016 1019 1020 1023 1007 1017 11141 1024 1025 1029 1044 1120 1030 1037 1042 1031 1003 17204 1027 1028 1035 1137 1038 1048 1039 1062 1047 1040 1051 1046 1056 1121 1123 17207 17208 17206 1145 1122 1050 1154 1083 1124 1059 1151 1091 1092 1084 1125 11128 1065 1099 1104 1098 1101 1077 1105 1106 11129 1107 1006 1021 1004 1012 1069 1116 1139 1000 1074 1071 1086 1072 1011 1070 1022 1049 1043 1053 1109 1009 1113 17223 17221 17235 17229 17230 8576 8577 8578 8579 8580 8581 8583 8585 8586 8587 8584 8588 1142 8614 8612 8635 1076 1079 8619 1525 11153 8591 8592 8590 9528 8638 8643 9494 9495 9496 8610 8621 8641 9499 9498 8640 11176 8644 8642 8606 8607 9497 8608 9493 9492 8639 8622 17124 8609 8646 8647 17251 8648 8649 8645 17264 9529 1138 9683 8623 10679 1144 10684 8633 17110 8615 17111 9524 9525 9527 9530 11054 11057 9682
111 6567 1001 11126 1117 6568 1119 1126 1127 1014 1015 11127 1018 1023 1020 1019 1016 11145 11146 1007 1017 1120 1024 1025 1005 1029 1044 1030 1037 1031 1069 1028 1035 1137 1038 1128 1042 11152 1039 1062 1118 1121 1123 1145 1122 1050 1084 1083 1124 1059 1151 1091 1092 1125 11128 1065 1107 1105 1106 11141 1099 1104 1098 1101 1032 1043 11129 1011 1012 1006 1022 1047 1040 1046 1051 11144 17222 1109 17125 17250 8577 8578 8579 8581 8576 8580 8583 8584 8585 8606 8607 8608 8609 9718 11087 17088 8594 8596 8601 9715 11076 10303 11088 17965 17082 11077 11091 10344 11078 11079 8645 8588
102 6567 1001 1118 1126 1127 1014 1015 11127 1018 1016 1019 1020 1023 1007 1017 1120 1024 1025 1029 1044 1031 1030 1037 1042 1028 1035 1137 1038 1039 1062 1040 1046 1009 1132 1064 1123 1145 1026 11149 11152 11178 1122 1050 1083 1124 1084 1059 1151 11126 1117 6568 1119 1002 11141 1091 1092 1125 11128 1065 1008 1048 1011 1154 1047 1006 1121 1053 1116 1099 1105 1106 11129 1041 1150 1070 11151 11146 1005 1049 17222 8576 8578 8579 8580 8581 8577 8583 8584 8585 8586 8587 17249 8606 17125 17250 8607 8646 8638 8639 8647 8642 8623
105 1126 1118 1127 1014 1015 11127 1016 1019 1018 1020 1023 1120 1017 1007 1025 1024 1029 1044 1030 6567 1001 11126 1117 6568 1119 1037 1028 1009 11142 1035 1042 1039 1062 1047 1031 11146 1137 1128 1040 1121 1123 1145 1122 1083 1124 1131 11147 11149 1149 1151 1059 1084 1091 1092 11128 1125 1050 1032 17222 8576 8578 8577 17249 8579 8580 8581 8583 8585 8586 8587 17125 8606 8584 17250 8591 8592 8608 8607 8590 8609 8610 8621 8622 8588 8638 8639 8640 8641 8642 8643 8644 8645 8646 8647 8648 8649 9492 9493 9494 9495 9496 9497 9498 9499 1077
139 6567 1001 11126 1117 6568 1119 1118 1126 1127 1014 1015 11127 11143 1005 1018 1016 1019 1020 1023 1007 1017 1120 1024 1025 1029 1044 1030 1028 1035 1037 17204 1027 1038 1041 1083 1039 1062 1047 1040 1124 17207 17209 1051 1031 1042 1137 1121 1123 1145 1091 1012 1004 1011 1034 1058 1122 1050 1092 1125 11128 1151 1000 1074 1071 1086 1059 1155 1084 1065 1099 1104 1098 1046 1105 1106 11129 1109 1107 1131 1060 8577 8578 8576 8579 8583 8584 8585 8586 8587 8606 8580 8581 8590 8591 8609 8610 8621 8622 8638 8639 8640 8641 8642 8643 8644 8646 8647 8592 8607 9492 9494 9495 9498 9499 8645 17265 9718 8594 9715 11075 8593 10345 11087 10344 11088 17082 17965 10303 8596 11077 11078 8595 8601 11083 11091 11079 8602 8600 8603
154 6567 11126 1126 1001 1117 6568 1127 1014 1015 11127 1018 1118 1119 1016 1019 1020 1023 1007 1017 1120 1024 1025 1029 1044 1030 1037 1031 1042 1028 1035 1137 1038 1039 1047 1062 1040 1051 1046 1121 1123 1145 1122 1050 1083 1124 1084 1059 1151 1091 1092 11128 1125 1065 11145 11146 1012 1105 8614 1005 11152 11153 9510 1069 8612 8641 8643 8627 8625 11142 1128 1032 1003 1055 1139 1021 1027 11155 1099 1104 1098 1101 1056 1106 11129 11149 1073 11156 8617 9506 11154 8624 1107 9504 1076 8626 1142 10692 10675 1109 11160 1026 1132 11179 17222 1060 1130 17220 17229 17235 17230 17243 17225 8623 8576 8577 8578 8579 8580 8581 8583 8584 8585 8586 8587 11176 8590 8591 8592 8606 17124 8588 8610 8621 8609 17251 8607 8608 8638 8639 8642 8640 8644 8647 8645 8646 8648 8649 8622 17263 9528 9683 1525 1079 8633
135 6567 1001 11126 1117 6568 1119 1118 1126 1127 1014 1015 11127 11142 11141 1018 1016 1019 1020 1023 1007 1017 1120 1024 1025 1029 1032 1044 1030 1037 1008 1028 1031 1035 1042 1137 1038 1083 1124 1059 1151 1084 1039 1123 1145 1121 1122 1062 1009 1036 1047 1091 1040 1125 1092 1050 1065 11128 1069 1046 1051 1099 1105 1106 11129 1107 1098 1101 1104 1005 1021 1043 11145 1149 17222 1109 8576 8577 8578 8579 8580 8581 8583 8585 8586 8584 8587 8590 8588 8591 8592 9496 8606 9494 9495 9498 9499 9493 9497 9492 8610 8621 8609 8622 8607 8608 8638 8639 8640 8641 8642 8643 8644 8646 8645 8647 8648 8649 11076 8594 9718 17088 11087 10344 11088 17082 17965 10303 8596 11077 8602 17103 8601 8595 11078 1048
163 6567 1001 11126 1117 6568 1126 1127 1119 1014 1015 11127 1118 1018 1016 1019 1020 1023 1017 1120 1024 1025 1029 1044 1030 1037 1031 1042 1035 1038 1028 11145 1137 1039 11141 1009 1007 1003 1062 1005 1047 1040 1051 1069 1121 1123 1122 1083 1124 1084 1059 1145 1021 1027 1046 1012 11144 1091 1092 11128 1065 1050 1151 1125 1055 1011 1099 1105 11129 1107 1076 1006 1022 1049 1043 1116 1114 1070 1053 1057 8623 1004 1153 1152 1106 1104 1101 1098 1071 11179 1026 11150 17222 17229 17235 17230 1109 8576 8577 8578 8579 8580 8581 8583 8584 8585 8586 1139 11153 8591 8592 8587 8588 8590 11176 8641 8643 8606 10675 17124 10692 11154 8610 8621 9508 9505 8607 8608 8609 8622 10686 8638 8640 8642 8639 17251 8644 8645 8646 8647 8648 8649 17267 17268 17269 8594 11076 9718 11087 17082 17963 9715 10345 17088 10344 11088 17965 10303 8601 8596 11091 8602 11077 11078
117 6567 1001 11126 1117 6568 1118 1119 1126 1127 1014 1015 11127 1128 11143 1018 1016 1019 1020 1023 1120 1024 1025 1044 1039 1029 1007 1017 1035 1031 1030 1037 1042 1028 1038 1137 1043 1048 1021 1034 1062 1047 1091 1123 1121 1122 1040 1051 1145 1050 1083 1000 1074 1071 1084 1124 1022 1012 1070 1006 1011 1049 1004 1053 1116 1114 1069 1046 1059 1151 1092 1125 11128 1065 1099 1104 1098 1101 1105 1154 1106 1107 11129 1005 8576 8577 8578 8579 8580 8581 8583 8584 8585 8586 8587 8588 8590 8591 8592 8606 8607 8608 8609 8610 8621 8622 8638 8639 8640 8641 8642 8643 8644 8645 8646 8647 8648 8649
137 6567 1001 11126 1117 6568 1119 1118 1126 1127 1014 1015 11127 1018 1016 1019 1023 1007 11145 1024 1025 1029 1044 1030 1017 1120 1020 1037 1031 1042 1028 1035 1005 1137 1038 1009 1003 1055 1069 1039 1083 1124 1084 1059 1062 1047 1040 1145 1051 1121 11144 1071 1123 1046 1122 1050 1091 1092 1125 11128 1105 11129 1151 1155 1073 1106 1006 1012 1022 1049 1021 1043 1004 1116 1114 1099 1104 1101 1098 1065 1032 11146 11152 1054 17222 1109 8576 8577 8578 8579 8580 8581 8583 8585 8587 8586 1139 17249 8584 8591 8592 8606 8590 17125 8641 8610 8621 8622 8638 8639 8640 17250 8607 8609 8642 8643 8644 8645 8647 9718 8594 17082 17088 11087 10344 8593 11077 11088 10303 8596 11076 11078 8602 8601 11083 11079 11091 8600
121 1001 6567 11126 6568 1117 1119 1118 1126 1127 1014 1015 11127 1018 1016 1019 1020 1023 1007 1017 1120 1024 1025 1029 1044 1030 1037 1031 1042 1028 1035 1137 1038 1039 1062 1047 1040 1121 1123 1145 1005 1011 11141 1128 1043 1083 1124 11128 1065 1091 1003 1069 1125 1059 1105 1046 1051 1122 1050 1092 1106 1107 1084 1099 1104 1098 11129 1151 1101 1049 11152 8576 8579 8583 8584 8585 8577 8578 8580 8581 8586 8587 8590 8588 8591 8592 8606 8607 8608 8609 8610 8621 8622 8638 8639 8640 8641 8642 8643 8644 8645 8646 8647 8648 8649 11076 8594 9718 10344 11087 17088 11088 17082 8596 10303 11077 11078 8601 8602 11079 8600 8603
144 6567 1001 11126 1117 6568 1119 1118 1126 1127 1014 1015 11127 1018 1016 1019 1020 1023 1007 1017 1120 1024 1025 1029 1044 1030 1037 1042 1031 1028 1035 1137 17204 1027 1038 1083 1124 1084 1059 1039 1062 11143 1002 1047 1040 1051 1151 1121 1123 1145 1122 1091 1092 1125 11128 1043 1065 1046 1050 1006 1022 1021 1004 1053 1105 1106 17209 1034 1058 11129 1000 1074 1071 1086 1098 1099 1104 1107 1101 1109 1154 1155 1049 17223 1032 8576 8577 8578 8579 8581 8580 8583 8584 8585 8586 8587 8588 8590 8591 8592 8606 8610 8621 8622 8638 8639 8640 8641 8642 8643 8644 9495 9499 9494 9498 9496 8647 8607 9493 9497 9492 8608 8645 8609 8646 8648 8649 8594 9718 10344 11087 11088 17082 17965 8596 11076 10303 11077 11078 11083 8602 11079 8603 11089 17085
136 1126 1127 1014 1015 1018 1016 1019 1020 1023 1024 1025 1007 1017 1120 1029 1044 1030 6567 1001 11126 1117 6568 1119 1118 11127 1037 1031 1035 1042 1028 1137 1038 17204 1027 1039 1083 1124 1059 1062 1047 1040 17207 1121 1145 1046 1123 1122 1051 1050 1084 1151 1091 11128 1092 1125 1065 1049 1043 1069 1011 1012 1004 1021 17209 1034 1058 1105 1070 1006 1022 1153 1106 11129 1098 1099 1104 1101 1005 1128 11141 1008 1041 1000 1074 1071 1086 1154 1107 1114 1116 1109 11149 11152 1003 17223 8576 8577 8578 8579 8580 8581 8583 8584 8585 8586 8587 8591 8592 8606 8590 1142 1144 8614 8611 8612 8617 8619 1139 8638 8641 8643 8642 8588 8607 8609 8608 8610 8621 8622 8639 8640 8644 8645 8646 17267 17269
100 1126 6567 1001 1127 1014 1015 1018 1019 1020 1024 1025 1023 1016 11157 1124 1044 11126 1118 11127 1007 1017 10693 1117 6568 1119 10686 1120 9501 9502 9504 9505 1037 9506 1029 8627 8629 1035 1028 1030 1031 11168 1039 10680 1042 1005 1137 1047 1038 1062 1040 1091 1092 1121 10690 1123 1145 1026 8618 11145 11147 8576 8577 8578 8579 17249 8583 8606 8584 8585 8586 8587 8610 8621 9493 17250 8638 8639 8640 8644 9683 10679 10684 8580 8641 8594 11076 9718 10344 17088 17082 11087 8601 11077 11091 11079 8596 10303 11078 11088 8602
120 1001 6567 11126 1117 6568 1119 1118 1126 1127 1014 1015 11127 11142 11143 1018 1016 1019 1020 1023 1007 1017 1120 11141 1024 1025 1029 1044 1030 1037 1031 1042 1028 1035 1137 1038 1041 1039 1062 1047 1040 1046 1051 1121 1123 1145 1122 1050 1083 1124 1056 1154 1084 1059 1151 1155 1091 1092 11128 1125 1065 1099 1105 11075 1078 1139 8623 8624 1106 11129 1003 8614 11153 11156 10692 1069 1012 8611 8618 1021 1027 1144 1142 1032 11181 1107 1109 1128 11145 1064 11179 17229 17230 17235 17243 17225 17228 17244 8576 8577 8638 8642 8640 8641 8643 8644 8606 8607 8608 8591 8592 8583 8584 8585 8586 8587 8609 8645 8639 8648 8649
139 1001 6567 11126 1117 6568 1119 1118 1126 1127 1015 1014 11127 1018 1016 1019 1020 1023 1024 1025 1029 1007 1017 1120 1044 11145 11146 1030 1037 11143 1009 1042 1028 1035 1137 1038 1039 1062 1031 1047 1005 1040 1043 1121 1123 1145 1051 1021 1122 1050 1083 1124 1084 1131 1041 1059 1046 1011 1006 1022 1012 1049 1004 1053 1069 1070 1114 1116 1151 1091 1092 1125 1057 1153 11128 1065 1099 1104 1098 1101 1105 1106 11129 1107 1154 17229 1109 8576 8577 8578 8579 8581 11176 8580 8583 8584 8585 8586 8587 17124 8588 8590 8591 8592 8606 8607 8608 8609 8610 8621 8622 17251 8638 8639 8640 8641 8642 8643 8644 8645 8646 8647 8648 8649 11076 8594 17088 9718 10344 11087 8596 11088 17082 10303 11077 11078 11091 11079 8600 8602
137 6567 1001 11126 1117 6568 1119 1118 1126 1127 1014 1015 11127 1018 1016 1019 1020 1023 1017 1007 1120 1024 1025 1029 1044 1030 1037 1031 1028 1035 1137 1038 1039 1062 1047 17207 17208 1040 1046 1051 1121 1123 1145 1122 1050 1083 1124 1084 1059 1151 1091 1092 11128 1065 1125 1099 1104 1105 1022 1049 1043 1070 1106 17209 1058 1034 1011 1006 1004 1074 1071 1000 1098 11129 1107 1101 1009 11141 1003 1109 11146 1136 8576 8577 8578 8579 8580 8581 8583 8584 8585 8586 8587 8588 8590 11176 8591 8592 8606 8607 8608 17124 8609 8610 8621 8622 8638 8639 8640 8641 8642 8643 8644 8645 8646 8647 8648 8649 11076 8594 9718 11087 11088 10344 17088 17082 17965 8601 10303 11077 11078 11090 8595 11083 8596 11091 8602 11079
98 1001 11126 1118 1126 1127 6567 1014 1015 11127 1018 1019 1020 1117 1119 6568 1016 1023 1007 1017 11146 11145 11142 1005 1120 1024 1025 1044 1030 1029 1037 1031 1042 1137 1028 1035 11141 1003 1069 1083 1039 1062 1051 1047 1040 1128 11144 1026 1046 1121 1123 1145 1122 1038 1124 1084 1059 1091 1092 1151 1009 1105 8576 8577 8580 8581 8579 8578 11176 8583 8585 8586 8587 8590 8584 8588 8591 8592 8606 8607 17124 8610 8621 8622 8608 8609 17251 8638 8639 8641 8640 8644 8645 8642 8643 8646 8647 8648 8649
159 6567 11126 1126 1127 1014 1001 1117 6568 1015 1119 1118 11127 1018 1016 1019 1020 1023 1007 1017 1120 1024 1025 1044 1029 1030 1037 1042 1031 1028 1035 1038 1083 1084 1059 1124 11142 1002 1008 1041 1137 1039 1047 1062 1040 1121 1151 1123 1145 1122 1050 1091 1155 1092 1125 11128 1065 1022 1049 1069 1006 17209 1034 1105 1046 1051 1106 1107 11129 1000 1074 1071 1086 1099 1104 1098 1101 1011 1012 1021 1004 1043 1053 1070 1116 1114 1152 1109 1009 11144 1005 8576 8577 8578 8579 8580 8581 8583 8584 8585 8586 8587 8591 8592 8606 1077 1076 1079 17229 17235 8588 8590 8614 8619 8623 8629 8609 8610 8621 9492 8607 8608 9493 8635 8622 8638 8639 8640 8641 8642 8643 8644 8645 8646 8647 8648 8649 11076 11075 8594 9716 11087 11088 8596 10303 11077 11091 8601 17082 17088 9718 10344 17965 17085 11089 8602 11078 10345 9714 8603
172 6567 1001 11126 1117 1126 1127 11127 1014 1015 6568 1119 1118 1007 1018 1016 1020 1019 1023 1017 1120 1024 1025 1029 1030 1044 11145 11146 1028 1042 1031 1037 1035 1137 1039 1005 1062 1128 11141 1003 1055 1047 1040 1012 8614 1038 1121 1123 1145 1122 1083 1124 1084 1091 1059 1125 1092 11128 1065 1151 1051 1050 1027 1021 1046 1011 1154 1032 1132 1155 8619 1006 1049 1004 1043 1053 1069 1070 1114 1022 1105 1106 11129 1099 1104 1098 11179 1101 17222 1113 17235 17229 17230 17225 17243 17244 1107 1109 8576 8577 8578 8579 8580 8581 8583 8585 8641 1076 1139 8615 9683 8623 8584 8587 8586 8591 11176 8592 8621 8642 8640 8643 8639 8638 8610 8590 8588 8647 8606 8607 8608 8609 8611 1079 17124 1525 8622 9492 9493 9494 9495 9496 9497 9498 9499 8644 8648 8649 8645 8646 17251 17263 8593 17267 17268 17269 1078 9528 9529 17983 1142 10679 8633 10684 1138 8626 8628 9524 9527 9530 11057 11054 9525
117 6567 1001 11126 1117 6568 1119 1118 1126 1127 1014 1015 11127 11141 1005 1018 1016 1019 1020 1023 1007 1017 1120 1024 1025 1029 1044 1030 1037 1042 1028 1031 1035 1137 1091 11145 1032 1039 1040 1062 1047 1059 1128 1012 11178 11128 1065 1092 1121 1123 1145 1122 1050 1083 1124 1084 1151 1125 1105 1106 1043 1021 11150 11146 1008 1038 11149 1058 17222 8576 8577 8578 8579 17249 8580 8581 8583 8584 8585 17125 8591 8592 8586 8587 17250 8606 8607 8588 8590 8638 8639 8640 8641 8642 8643 8645 8646 8610 8621 8622 8647 8648 8609 8593 11076 9718 17088 8594 10344 11088 17082 17965 8596 11087 8601 10303 11077 11078
160 11126 11127 1118 1007 1017 1120 1127 6567 1001 1117 6568 1119 1126 1014 1015 1018 1016 1020 1019 1023 1024 1025 1044 1029 1037 1042 1030 11145 11146 1028 1031 1128 11141 1032 1035 1038 1137 1005 1043 1048 1039 1062 1083 1124 1059 1084 1040 1051 1047 1121 1123 1145 1122 11153 1050 1091 1092 11128 11154 11156 1071 1065 1125 1046 1105 11129 1151 1106 1107 1011 1073 1155 1099 1098 1009 1064 1136 1056 17222 17229 17235 17243 17230 17225 1104 1101 1109 8576 8577 8578 8579 8580 8581 8583 8585 1139 8584 8587 17249 8591 8592 8586 1142 8606 8608 17125 8610 8621 8638 8641 8639 8640 8642 9493 9492 9494 9495 9498 9499 9496 9497 8645 17250 8647 8590 8648 8649 8588 8609 8644 8622 8643 17267 17268 17269 8623 9529 1079 9683 10684 9528 1525 8633 10679 8594 11076 11087 9718 17082 8596 10303 11077 11088 11078 17088 8602 8601 11091 11079 8600
166 1118 1126 1127 1014 1015 1024 1018 1019 1020 1023 1120 1007 1017 1016 11127 1025 1029 1044 6567 1001 11126 1117 6568 1119 1030 1037 1031 1042 1028 1035 1038 1137 17204 1027 1039 1062 1047 1005 11142 1003 1048 17207 17208 1083 1124 1059 1040 1051 1121 1123 1046 1145 1122 1084 1151 1050 1091 1125 1092 11128 1065 1056 1006 1022 1021 1004 1053 1070 1114 1105 1106 11129 1011 1012 1049 1043 1057 1069 1116 1153 1073 1058 1034 17209 1099 1107 1098 1101 1104 1155 11154 1000 1071 1086 1074 11153 8638 8641 8640 1139 8621 1109 11152 1128 1132 1131 11147 1063 17223 8576 8577 8578 8579 8580 8581 8583 8584 8585 8586 8587 8590 8591 8592 8606 8588 1142 1077 1144 8614 1138 11160 17229 11156 11176 8610 8639 8611 8612 8617 8619 8627 8624 8618 8626 1078 8643 17230 1076 1079 8615 8628 8625 17115 8607 8608 8609 8622 8642 8644 8645 8646 8647 8648 8649 9492 17124
142 6567 1001 1007 1039 1024 1020 11126 1117 6568 1119 1118 1126 1127 1014 1015 11127 1018 1016 1019 1023 1017 1120 1025 1044 1030 1037 1029 1031 1028 1042 11145 11146 11143 1035 1137 1032 1008 1005 1038 1062 1047 1040 1069 1046 1051 1121 1123 1145 1006 1122 1083 1050 1124 1021 1084 1059 1091 1151 1092 1154 1125 11128 1026 8635 11156 1065 1099 1105 1104 1098 1049 1043 11129 1101 1011 1022 1012 1004 1114 1070 1106 1116 1053 1107 11149 11152 1058 17222 1109 8576 8577 8578 8579 8580 8581 8583 8584 8585 8586 8587 8590 8591 11176 8588 8592 8606 17124 8608 8607 8610 8609 8621 8622 9492 8638 8639 8641 17251 8640 8642 8643 8644 8648 8645 8646 9493 8647 8649 17267 17268 17269 8625 8624 11153 1077 10345 8593 9715 17086 17963 1079 1078
128 6567 1001 11126 1117 6568 1119 1118 1126 11127 1127 1014 1015 1025 1024 1018 1016 1019 1007 1020 1017 1037 1120 1023 1029 1044 1031 1042 1035 1030 1028 1128 11141 1008 1005 1038 1137 1083 1124 1084 1059 1039 1062 1047 1040 1051 1046 1121 1123 1145 1032 1012 11145 1011 1050 1122 1151 1091 1092 1125 11128 1065 1099 1104 1098 1105 1106 1107 1006 1022 1021 1049 1043 1004 1152 1069 1070 1057 1153 1116 1114 1053 1026 1009 1131 11129 1101 1056 1154 17222 1054 1109 8576 8577 8583 8578 8579 8580 8581 8587 8585 8586 8584 11176 8588 8590 8591 8592 8606 8607 8608 8609 17124 8610 8621 8622 17251 8638 8639 8640 8641 8642 8643 8645 8646 8647 8649 8644 8648
134 6567 1001 11126 1117 6568 1119 1118 1126 1127 1014 1015 11127 1018 1016 1019 1020 1023 1007 1017 1120 1024 1025 1044 1030 1009 11143 1032 1029 1037 1028 1031 1042 1035 1038 1083 1059 1137 1008 1041 1039 1145 1124 1047 1121 1123 1062 1132 1021 1040 1051 1084 1091 11128 1046 1122 1050 1151 1092 1125 1065 1154 1099 1104 1098 1101 1006 1049 1022 1043 1004 1012 1069 1011 1053 1116 1153 1070 1114 1105 1005 1071 11142 1106 11129 1107 1034 17222 1109 17229 8576 8577 8578 8579 8580 8581 8583 8585 8586 8587 8584 8590 8591 8592 8606 9495 9499 9494 9498 8610 8621 8641 8607 8608 8638 9493 8639 9492 9497 8640 8643 8644 8645 8646 9496 8642 8622 8588 8609 8647 8648 8649 17267 17268 17269
173 6567 1001 11126 1117 6568 1119 1118 1126 1127 1014 1015 11127 1018 1016 1019 1020 1023 1007 1017 1120 1024 1025 1037 1031 1042 1030 1044 1028 1029 1035 1038 1083 1124 1084 1059 1151 11142 1005 1032 1003 1055 1039 1062 1047 1040 1046 1051 1121 1145 1123 1137 1122 1050 11128 1006 1154 1091 1092 1065 1125 1069 1012 1105 11129 1106 1021 1027 8623 1099 1104 1098 1101 1107 1009 11145 9510 1142 10692 1109 8611 8617 9505 8626 11153 11159 1114 1049 1053 1070 1116 1153 11154 11160 11157 9508 1011 1022 1004 1043 1152 9501 1135 17222 17229 17235 17230 17243 17225 17228 8576 8578 8577 8579 8580 8581 8583 8584 8585 8586 8587 8588 8590 8591 8592 8606 11176 8607 8608 8609 8610 8621 8622 8638 8639 8640 8641 8642 8644 8645 8646 17251 8647 8648 8649 9492 9493 9494 9495 9496 9497 9498 9499 8643 17263 9683 10679 8633 17082 8594 9718 11076 11088 10344 11087 11077 8596 8595 11090 11078 10303 8601 17103 8602
104 6567 1001 11126 1117 6568 1126 1119 1014 1015 1019 1020 1023 1018 1007 1024 1127 1016 1025 1044 1028 1030 1029 1037 1017 1120 1118 11127 1035 1005 1039 1047 1121 1145 1123 1062 1031 1038 1084 1059 1091 1092 1125 11128 1124 1083 1099 1042 1122 1104 1106 1151 1050 1128 1032 1008 1011 1040 1098 1105 1101 1051 1049 1012 1137 11145 1046 11129 1107 1109 1065 8576 8577 8578 8579 8580 8581 8583 8584 8585 8586 8587 8588 8590 8591 8592 8606 8607 8608 8609 8610 8621 8622 8638 8639 8647 8648 8649 8640 8641 8642 8643 8644 8645 8646
63 1001 11126 6567 1117 6568 1119 1118 1126 1127 1014 1015 1018 1120 11127 1020 1019 1023 1017 1025 1007 1016 1024 1037 1030 1044 1031 1029 1042 1051 1035 1038 1137 1039 1062 1040 1046 1121 1123 1122 1050 1145 1059 1091 1083 1084 8576 8577 8578 8579 8580 8581 8583 8586 8587 8585 8592 8591 8590 8584 8607 8606 8588 8621
140 6567 1001 11126 1117 6568 1119 1118 1018 1016 1126 1127 1014 1015 11127 1019 1020 1007 1017 1120 1024 1025 1030 1037 1031 1042 1028 1023 1029 1044 1035 1137 1038 1039 1047 1062 1121 1145 1040 1046 1051 1123 1122 1050 1124 1083 1005 1002 1091 1092 11128 1059 11141 1003 1041 1125 1065 1009 11146 1064 1084 1151 1105 1106 11129 11178 1132 1006 1011 1022 1049 1021 1043 1004 1053 1070 1069 1114 1153 1116 1012 1057 11149 8576 8577 8578 8579 8580 8581 9498 9494 9495 9499 9496 8583 8585 8586 8587 8588 8584 1077 1139 1076 8591 8592 17249 1078 1138 8606 8609 8614 11176 8624 8607 17125 8608 9492 9493 9497 8612 8617 8626 8610 8621 8622 8638 8639 8640 8641 8642 8643 8644 8646 8647 17250 8590 8648 8649 17252 11145 1033
165 11126 1118 11127 6567 1001 1117 6568 1119 1126 1127 1014 1015 1018 1019 1020 1023 1016 1007 1017 1024 1025 1120 1044 1029 1030 1042 11145 11146 1037 1031 1028 1035 1038 1137 1005 11143 1032 1003 1039 1062 1040 1069 1083 1124 1084 1059 1151 1021 1027 1123 1121 1051 1145 1122 1050 1006 1091 1154 8627 1026 11142 11152 11181 1047 11128 1092 11156 8626 8624 11153 11154 1125 9508 10692 11157 1105 1106 1011 1012 1022 1049 1043 1004 1053 1070 1114 1046 11129 1107 1000 1074 1071 1086 1065 1132 17222 17229 17235 17230 17225 17243 17228 17244 9529 1142 8614 8576 1109 9528 8623 8577 8578 8579 8580 8581 1525 8653 10314 17249 8625 8583 8584 8585 8586 8587 9509 9506 17125 8606 10679 8591 1079 8592 8610 8621 8638 8639 8640 8641 8643 8647 10675 9504 9503 9510 10677 17250 1139 1078 9683 8607 9496 9495 9494 9493 9492 9497 9498 9499 8644 8642 8646 8593 1131 1063
125 11126 1118 11127 1007 1017 6567 1001 1117 1119 6568 1126 1127 1014 1015 1120 1018 1019 1020 1016 1023 1024 1025 1029 1044 1030 1037 1031 1042 11145 11146 1028 1035 1005 1137 1038 1002 1003 1048 1083 1124 1084 1059 1021 1039 1062 1047 1040 1046 1128 1051 1145 1123 1121 1122 1151 1050 1091 1092 1125 11128 1099 1104 1098 1101 1065 1105 1106 11129 1012 1026 1107 1011 17222 1006 1056 1109 8576 8577 8578 8579 8580 8581 8583 8585 8587 8586 1139 8584 17249 8591 8590 8588 8592 8606 17125 8610 8621 8607 8608 17250 8638 8639 8640 8641 8622 8609 8642 8643 8644 8645 8646 8648 8649 9718 11087 11076 8594 17088 17082 10344 17965 10303 11078 8596 11088
97 6567 1001 11126 1117 6568 1119 1118 1126 1127 1014 1015 11127 1016 1019 1020 1023 1007 1018 1017 1024 1025 1029 1044 1030 1037 1042 1028 1035 1120 1137 1039 1062 1124 1083 1123 1121 1145 1038 1040 1005 1132 1021 1122 1059 1091 1125 11128 1105 11129 1047 1031 1084 1151 1050 1065 1092 11141 1128 1106 1043 1055 1099 1101 1104 1049 1155 1009 1071 1012 17222 1109 8576 8579 8606 8583 8578 8585 8587 8586 8584 8580 8610 8621 8591 8592 8639 8638 8640 8643 9492 8577 8581 8588 8607 8608 8641 9718
131 6567 1001 11126 1117 6568 1119 1126 1127 1014 1015 1118 11127 1018 1016 1019 1020 1023 1024 11145 1025 1029 1044 1028 1035 1030 1037 1031 1042 1038 1005 11150 1137 1007 1017 1120 11143 11141 1003 1069 1039 1062 1047 1040 1046 1121 1123 1145 11144 1051 1050 1122 1083 1124 1084 1059 1151 1091 1092 1125 11128 1065 1105 1106 11129 1011 1006 1012 1049 1021 1043 1004 1022 1053 1116 1114 1070 1032 1132 1071 1073 1155 1026 17222 1109 1099 1107 8576 1104 1098 1101 8577 8578 8579 9496 17249 8580 8581 8583 8584 8585 17250 8586 8587 8607 8590 8639 9528 9683 1525 8623 10679 10684 9529 1142 1079 8633 1138 8594 9718 10344 17088 11076 17082 11087 11088 8596 17965 10303 11077 11091 11078
