201527010428
201527010304
201527010123
201527010320
201527010313
201527010315
201527010130
201527010128
201527010121
201527010129
201527010127
201527010120
201527010311
201527010201
201527010308
201527010114
201527010316
201527010314
201527010107
201527010310
201527010117
201527010205
201527010417
201527010509
201527010520
201527010105
201527010418
201527010505
201527010503
201527010309
201527010430
201527010111
201527010603
201527010518
201527010122
201527010109
201527010425
201527010614
201527010526
201527010510
201527010119
201527010409
201527010405
201527010527
201527010522
201527010407
201527010530
201527010410
201527010411
201527010619
201527010406
201527010617
201527010523
201527010218
201527010622
201527010615
201527010504
201527010508
201527010427
201527010424
201527010429
201527010112
201527010521
201527010623
201527010221
201527010209
201527010609
201527010321
201527010621
201527010629
201527010102
201527010618
201527010402
201527010422
201527010611
201527010204
201527010420
201527010203
201527010301
201527010305
201525050103
201527010322
201527010507
201525040227
201525040220
201525040223
201525040319
201525040111
201525040230
201527010330
201527010528
201525040218
201525040126
201527010626
201525060104
201525040215
201527010601
201525040113
201525040225
201527010616
201525060215
201525060204
201527010625
201527010303
201525060320
201525040112
201527010103
201525040204
201527010312
201525040315
201525040305
201525040309
201525040226
201527010608
201525060106
201527010620
201525040303
201527010213
201527010525
201525040208
201525060325
201525010123
201527010101
201525010105
201525060306
201525040120
201525060329
201527010404
201527010511
201525010127
201527010426
201525040206
201525010308
201525060105
201525010327
201527010302
201527010329
201527010610
201525040203
201527010401
201525060107
201525010119
201527010212
201527010419
201525010121
201527010318
201525040307
201527010215
201527010113
201525060311
201525050104
201525050101
201525050102
201525050306
201527010516
201525050307
201525050304
201525010126
201525060321
201527010211
201527010604
201525040308
201525010326
201527010613
201527010412
201525010125
201525050315
201525010218
201525010224
201525010116
201525010219
201525010220
201525010222
201525010217
201525010204
201525010228
201525010227
201525010111
201525010216
201525010225
201525010209
201525010212
201525010210
201525010214
201525010207
201525010201
201525010202
201525010112
201525010113
201525010115
201525010103
201525010205
201525010208
201525010203
201527010220
201527010421
201527010624
201527010317
201527010612
201527010327
201527010602
201527010517
201525010629
201525010625
201525010422
201527010529
201525010420
201525010604
201525010626
201525010624
201525010611
201525010408
201525010612
201527010413
201525010403
201525010610
201527010519
201527010502
201525010427
201525010523
201525010414
201525010428
201525010627
201525010406
201525010412
201525010511
201525010622
201525010602
201525010528
201525010623
201525010416
201525010609
201525010401
201525010529
201525010504
201525010508
201525010605
201525010502
201525010515
201525010616
201525010421
201525010423
201525010417
201525010413
201525010510
201525010419
201525010415
201525010613
201527010506
201525010618
201525010430
201525010608
201525010509
201525010426
201525010411
201525010425
201525010407
201525010521
201525010519
201527010403
201525010601
201525010503
201525010614
201525010527
201525010516
201525010630
201525010513
201525010603
201525010409
201525010526
201525010512
201525010410
201525010518
201525010525
201525010607
201525010507
201525010628
201525010506
201525010615
201525010424
201527010605
201525010617
201525010520
201527010515
201525010606
201525010106
201527010224
201525010107
201525040202
201527010326
201525060129
201525040213
201525060109
201525010311
201525010317
201525010316
201525010318
201525010301
201525010323
201525010312
201525010131
201525010320
201525010328
201525010223
201525010129
201525010102
201525010211
201525010104
201525010206
201525010303
201525010213
201525010315
201525010329
201525010230
201525010304
201525010124
201525010110
201525010215
201525010306
201525010310
201525010221
201525010302
201525010122
201525010314
201525010101
201525010313
201525010325
201525010229
201525010114
201525010109
201525010319
201525010307
201525010108
201525010118
201525010132
201525010130
201525010309
201527010104
201525010226
201525010128
201527010319
201527010306
201527010110
201527010226
201527010217
201527010229
201527010116
201527010216
201527010108
201527010202
201527010208
201527010228
201527010227
201527010206
201527010230
201525060113
201527010124
201527010106
201527010126
201527010607
201527010207
201525060305
201525040229
201525050309
201525040207
201525060123
201525060202
201525040102
201525060203
201525060205
201525060118
201525060316
201527010125
201525010524
201525050327
201525050108
201525050117
201525050127
201525050111
201525050119
201525050420
201525050217
201525050406
201525050113
201525050422
201525050122
201525050126
201525050311
201525050110
201525050116
201525050318
201525050417
201525050404
201525050222
201525050120
201525050402
201525050112
201525050410
201525050411
201525050412
201525050121
201525050214
201525050223
201525050424
201525050426
201525050416
201525050320
201525050301
201525050408
201525050324
201525050413
201525050125
201525050310
201525050317
201525050403
201525050105
201525050325
201525050220
201525050114
201525050303
201525050312
201525050211
201525050313
201525050427
201525050415
201525050319
201525050201
201525050322
201525050418
201525050212
201525050321
201525050224
201525050215
201525050203
201525050213
201525050419
201525050425
201525050202
201525050308
201525050207
201525050208
201525050218
201525050423
201525050115
201525050204
201525050323
201525050109
201525050414
201525050227
201525050225
201525050314
201525050409
201525050106
201525050209
201525050326
201525050205
201525050219
201525050226
201525050221
201525050123
201525050421
201525050407
201525050210
201525050118
201525040301
201525060127
201525060330
201525060220
201525060210
201525060304
201525060126
201525060213
201525060120
201525060110
201525060228
201525060301
201525060309
201525060214
201525060217
201525060130
201525060108
201525060117
201525060229
201525060119
201525060128
201525060125
201525060209
201525060222
201525060218
201525060207
201525060326
201525060116
201525060307
201525060206
201525060211
201525060114
201525060302
201525060319
201525060328
201525060212
201525060208
201525060225
201525060124
201525060227
201525060115
201525060101
201525060226
201525060221
201525060230
201525060312
201525060314
201525060317
201525060201
201525040420
201525060323
201525060216
201525060224
201525040412
201525040406
201525040401
201525040530
201525040517
201525040407
201525040521
201525040422
201525040529
201525040510
201525040503
201525040418
201525040506
201525040430
201525040511
201525040522
201525040411
201525040513
201525040423
201525040427
201525040518
201525060223
201525040405
201525040425
201525040424
201525040419
201525040426
201525040502
201525040408
201525040402
201525040429
201525040525
201525040509
201525040523
201525040403
201525040516
201525040508
201525040512
201525040524
201525060322
201525040417
201525040428
201525040520
201525040501
201525040409
201525040515
201525040414
201525040514
201525040505
201525040519
201525040415
201525040421
201525040507
201525040404
201525040526
201525060313
201525060327
201525040410
201525040504
201525040527
201525060103
201525060122
201525060310
201525040313
201525040104
201525040128
201525040306
201525040212
201525040127
201525040124
201525040320
201525050124
201525040322
201525040211
201525010321
201525010324
201525010322
201525040131
201525040105
201525050107
201525050316
201525060315
201525040209
201525010620
201525040413
201525040222
201525040217
201525040103
201525040121
201525040119
201525040201
201525040304
201525040214
201525040118
201525040316
201525040110
201525010120
201525040219
201525040122
201525040116
201525040123
201525040114
201525040205
201525040210
201525040312
201525040327
201525040115
201525040117
201525040129
201525040109
201525040310
201525040221
201525040125
201525040130
201525040317
201525040311
201525040325
201525040101
201525040318
201525040324
201525040314
201525040106
201525040321
201525040328
201525040329
201525040323
201525040326
201525040330
201525040224
201525040107
201525040216
201525010514
201525040108
201525040528
201525040302
201525040416
201521191202
201519030204
201512010218
201512010224
201521190229
201519080319
201516060323
201521200317
201513070519
201516060212
201515080107
201514090228
201521200603
201522010929
201521200318
201521190723
201521190804
201525120119
201525120120
201525120115
201525060324
201518110310
201519080716
201514090121
201526141614
201525120220
201525120102
201519080719
201525120118
201512110204
201519040120
201525120203
201525120210
201525120103
201525120121
201525120111
201525120217
201525120202
201525120209
201525120101
201525120208
201525120106
201525120204
201525120207
201525060121
201525120215
201525120211
201515040421
201525120129
201525120112
201525120122
201525120212
201525120223
201525120218
201525120117
201525120114
201525120104
201512020208
201512060302
201525120128
201525120225
201512040108
201513070312
201525120216
201525100408
201513050102
201525120222
201525120228
201525120219
201521020122
201513070215
201525120206
201525120108
201525120127
201525120214
201525120110
201525120124
201525120126
201522060114
201525120123
201525120201
201525120109
201519030223
201513070310
201520010407
201525120205
201518150117
201516100105
201516060204
201513070330
201513010114
201528020522
201513010109
201521200402
