201430320612
201430320406
201430320404
201430320403
201430320107
201430320217
201430320412
201430350417
201430320232
201430320630
201430320611
201430320427
201430320510
201430320222
201430320631
201430320514
201430320629
201430320503
201430320429
201430320417
201430320619
201430340223
201430340225
201430320432
201430340609
201430320106
201430320609
201430320203
201430340113
201430320430
201430320419
201430320420
201430320424
201430320622
201430320415
201430320315
201430320316
201430320509
201430340218
201430320125
201430320508
201430340204
201430340104
201430320329
201430320523
201430320109
201430340103
201430320422
201430330314
201430340108
201430330332
201430330333
201430340106
201430340509
201430320332
201430340125
201430320401
201430320615
201430320209
201430340126
201430350403
201430320625
201430340107
201430340111
201430320602
201430320211
201430340513
201430320618
201430330321
201430330322
201430320120
201430330325
201430340510
201430320121
201430340112
201430340207
201430340205
201430340208
201430320228
201430320526
201430320131
201430320318
201430320226
201430320227
201430320327
201430320103
201430320105
201430330212
201430320221
201430320205
201430330324
201430330328
201430320301
201430320324
201430320104
201430320215
201430320111
201430320101
201430320504
201430320613
201430320524
201430320216
201430320331
201430320102
201430320225
201430340101
201430320309
201430320201
201430320130
201430320413
201430320212
201430320320
201430320213
201430330102
201430330331
201430320118
201430320428
201430330130
201430320305
201430320207
201430340507
201430320512
201430320511
201430320210
201430320513
201430320326
201430320314
201430320310
201430320530
201430320532
201430320218
201430320425
201430320202
201430320402
201430320110
201430340105
201430340621
201430320617
201430320423
201430320431
201430320519
201430320614
201430320113
201430320407
201430320116
201430350127
201430320114
201430320527
201430320516
201430320517
201430330327
201430340221
201430320330
201430320306
201430320108
201430340508
201430320409
201430320408
201430330313
201430330316
201430320628
201430320607
201430320520
201430320313
201430340505
201430320117
201430330308
201430330319
201430330326
201430330306
201430330307
201430330101
201430330205
201430330215
201430330110
201430330312
201430330112
201430330233
201430330210
201430330220
201430330222
201430330320
201430330134
201430330218
201430330226
201430330229
201430330311
201430330230
201430330225
201430330301
201430330111
201430330108
201430330117
201430330123
201430330323
201430330109
201430330329
201430330209
201430330208
201430330201
201430330227
201430330113
201430330116
201430330315
201430330318
201430330213
201430330119
201430330216
201430330107
201430330129
201430330310
201430330203
201430330125
201430330304
201430330309
201430330115
201430330124
201430330305
201430330103
201430330221
201430330202
201430330224
201430330133
201430330302
201430330132
201430330131
201430330127
201430330219
201430330204
201430330223
201430330330
201430330106
201430330128
201430330228
201430330105
201430330118
201430330120
201430330317
201430330122
201430330211
201430330114
201430330303
201430330126
201430330207
201430330217
201430330234
201430340518
201430340607
201430340608
201430340520
201430340615
201430340614
201430340604
201430340512
201430340611
201430340504
201430340623
201430340524
201430340514
201430340502
201430340622
201430340424
201430340411
201430340612
201430340521
201430340610
201430340617
201430340605
201430340624
201430340618
201430340501
201430340506
201430340410
201430340516
201430340619
201430340616
201430340620
201430340403
201430340522
201430340416
201430340519
201430340606
201430340503
201430340414
201430340603
201430340423
201430340418
201430340415
201430340517
201430340425
201430340421
201430340409
201430340525
201430340419
201430340420
201430340401
201430340613
201430340407
201430340408
201430340601
201430340412
201430340405
201430340602
201430340406
201430340402
201430320405
201430320302
201430340110
201430350116
201430320317
201430320127
201430320223
201430320322
201430320319
201430320224
201430320123
201430320112
201430320204
201430320206
201430320323
201430320321
201430320307
201430320312
201430350311
201430350320
201430350416
201430320208
201430350316
201430320115
201430350303
201430320126
201430350310
201430350412
201430350304
201430350221
201430320308
201430350426
201430350118
201430350318
201430350323
201430350114
201430350122
201430350306
201430350415
201430350105
201430350321
201430350215
201430350203
201430350406
201430350101
201430350216
201430350106
201430350424
201430350202
201430350317
201430350212
201430350117
201430350111
201430350124
201430350113
201430350123
201430350422
201430350418
201430350325
201430350109
201430350327
201430350108
201430350307
201430350201
201430350313
201430350115
201430350103
201430350402
201430320214
201430350315
201430350110
201430350324
201430350204
201430350213
201430350224
201430350104
201430320220
201430350214
201430350125
201430350409
201430350217
201430350413
201430320119
201430350225
201430350420
201430350226
201430350219
201430350410
201430350425
201430350121
201430350423
201430350120
201430350319
201430350210
201430350419
201430350322
201430350404
201430350411
201430350408
201430350401
201430350223
201430350222
201430350421
201430350208
201430350128
201430350414
201430350211
201430320128
201430350119
201430350305
201430350102
201430350209
201430350326
201430350205
201430350405
201430320132
201430350301
201430320304
201430320122
201430350312
201430350308
201430350126
201430350407
201430350309
201430350314
201430350427
201430350207
201430350227
201430350206
201430320124
201430350218
201430320129
201430320219
201430320229
201430320616
201430810208
201430320624
201430810119
201430810422
201430810215
201430340203
201430810118
201430340304
201430340114
201430810103
201430810112
201430340303
201430810126
201430340124
201430810214
201430810108
201430810123
201430340216
201430810318
201430810125
201430810306
201430810312
201430810221
201430810222
201430810101
201430340215
201430340119
201430810120
201430810423
201430810223
201430810319
201430810401
201430810217
201430340309
201430340209
201430810402
201430810311
201430810110
201430810127
201430340109
201430340318
201430810421
201430810129
201430340314
201430810429
201430340214
201430340317
201430810113
201430340102
201430810206
201430340316
201430810310
201430810212
201430340122
201430810219
201430810226
201430340123
201430340217
201430340326
201430810414
201430810102
201430810128
201430810419
201430810224
201430810303
201430810323
201430810330
201430810225
201430810316
201430810213
201430810201
201430810228
201430340306
201430810209
201430810115
201430340121
201430810420
201430340315
201430810417
201430810121
201430810305
201430810313
201430810204
201430810320
201430810106
201430810327
201430810430
201430340120
201430810218
201430810325
201430810416
201430340116
201430340211
201430340323
201430810425
201430340308
201430810130
201430340313
201430810322
201430810210
201430810426
201430810207
201430810326
201430810205
201430810203
201430810229
201430810403
201430810428
201430810415
201430340212
201430340213
201430810314
201430810211
201430340312
201430810412
201430340310
201430810424
201430340307
201430810117
201430340311
201430810406
201430810202
201430810418
201430810411
201430810309
201430810324
201430810231
201430810407
201430340320
201430340305
201430810220
201430810131
201430340324
201430340118
201430340226
201430810107
201430810405
201430810410
201430810321
201430810404
201430340201
201430810227
201430810111
201430330104
201430810317
201430330206
201430810409
201430810315
201430810304
201430810302
201430340220
201430340301
201430340319
201430340219
201430810109
201430340117
201430810104
201430810216
201430340302
201430810307
201430340210
201430810328
201430810122
201430320623
201430320620
201430320521
201430320627
201430320522
201430320410
201430320621
201430320626
201430320414
201430320505
201430320506
201430320531
201430320416
201430320525
201430320502
201430320605
201430320421
201430320603
201430320426
201430320418
201430320608
201430320606
201430320610
201430810124
201430810105
201430810329
201430810114
201430810301
201430810116
201430810413
201430810230
201430810408
201430340322
201430340321
201430340325
201430340115
201430340202
201430340413
201430340417
201430340404
201430340515
201430340422
201430320501
201430150116
201430150125
201430150209
201430290212
201430150106
201430470416
201430150117
201430470220
201430420121
201430150130
201430150119
201430690202
201430150205
201430150225
201430150208
201430150203
201430150220
201430150129
201430660145
201430150109
201430150103
201430150204
201430150127
201430150215
201430150211
201430150210
201430150213
201430150101
201430150229
201430150212
201430150124
201430150114
201430400125
201430150121
201430150115
201430150128
201430150120
201430500510
201430150122
201430150113
201430150118
201430150226
201430680221
201430130203
201430150104
201430150105
201430150123
201430150222
201430150217
201430150206
201430150110
201430150227
201430150102
201430150223
201430150230
201430150107
201430150216
201430150224
201430150214
201430150108
201430150112
201430150219
201430150111
201430630126
201430680113
201430470212
201430220401
201430190213
201430680307
201430280230
201430290213
201430100218
201430230425
201430120130
201430400102
201430290618
201430680323
201430180148
