201330340201
201330340504
201330340630
201330340629
201330340320
201330340208
201330330221
201330340431
201330340103
201330340109
201330340312
201330340106
201330340111
201330340219
201330340332
201330340529
201330340426
201330340311
201330340610
201330340327
201330340107
201330340313
201330340228
201330340617
201330340101
201330340309
201330340310
201330340204
201330340122
201330340232
201330340231
201330340408
201330320317
201330340207
201330340411
201330320204
201330340516
201330340315
201330340606
201330340609
201330340611
201330340415
201330340608
201330340414
201330340306
201330350306
201330340220
201330340331
201330340615
201330340612
201330340511
201330340326
201330340329
201330340209
201330340211
201330340210
201330340330
201330340601
201330340602
201330340604
201330340603
201330340328
201330340616
201330340613
201330340625
201330340507
201330340425
201330340102
201330340307
201330340515
201330340633
201330340506
201330340505
201330340627
201330340308
201330340418
201330340509
201330340317
201330340205
201330340624
201330340304
201330340305
201330340203
201330340318
201330340120
201330340634
201330340525
201330340319
201330340527
201330340402
201330340325
201330340518
201330340121
201330340129
201330340618
201330340123
201330340432
201330340406
201330340215
201330340622
201330340333
201330340216
201330340206
201330340314
201330340230
201330340302
201330340434
201330340125
201330340130
201330340132
201330340323
201330340105
201330340301
201330340134
201330340217
201330340620
201330340126
201330340631
201330340233
201330340503
201330340526
201330340430
201330340112
201330350305
201330340427
201330340429
201330340524
201330340422
201330340212
201330340614
201330340626
201330340632
201330340321
201330340521
201330340514
201330340513
201330320522
201330340133
201330340605
201330340532
201330340433
201330340131
201330340520
201330340110
201330340519
201330320521
201330320228
201330320209
201330320112
201330320114
201330320208
201330320212
201330320321
201330320312
201330320113
201330320106
201330320226
201330320206
201330320220
201330320219
201330320213
201330320214
201330320131
201330320231
201330320222
201330320329
201330320118
201330320225
201330320215
201330320202
201330320229
201330320124
201330320224
201330320101
201330320102
201330320211
201330320308
201330320105
201330320223
201330320203
201330320109
201330320227
201330320221
201330320107
201330320315
201330320128
201330320116
201330320217
201330320125
201330320117
201330320307
201330320207
201330320121
201330320123
201330320327
201330320205
201330320310
201330320126
201330320313
201330320305
201330320119
201330320108
201330320218
201330320323
201330320210
201330320120
201330320309
201330320311
201330320115
201330320325
201330320103
201330320302
201330320111
201330320216
201330320301
201330320306
201330320130
201330320326
201330320316
201330320201
201330320322
201330320304
201330320104
201330320127
201330340623
201330350321
201330350304
201330350130
201330350310
201330350109
201330350311
201330350219
201330350319
201330350302
201330350322
201330350122
201330350309
201330350318
201330350101
201330350314
201330350301
201330350320
201330350313
201330350115
201330350230
201330350114
201330350312
201330350316
201330350105
201330350324
201330350111
201330350126
201330350113
201330350308
201330350119
201330350210
201330350116
201330350315
201330350128
201330350330
201330350229
201330350102
201330350129
201330350227
201330350112
201330350225
201330350103
201330350325
201330350125
201330350326
201330350110
201330340534
201330340404
201330330122
201330330313
201330330124
201330330422
201330330209
201330330215
201330330214
201330330126
201330330211
201330330423
201330330119
201330330107
201330330102
201330330403
201330330125
201330330407
201330330120
201330330402
201330330406
201330330127
201330330108
201330330405
201330330109
201330330424
201330330110
201330330103
201330330431
201330330129
201330330325
201330330425
201330340533
201330330112
201330340115
201330340412
201330340523
201330340421
201330340234
201330340419
201330340416
201330340401
201330320129
201330320331
201330320328
201330320320
201330320419
201330320414
201330320415
201330320324
201330320319
201330320303
201330340428
201330320432
201330320612
201330320502
201330340118
201330340223
201330320621
201330320619
201330340409
201330340417
201330340405
201330340403
201330340501
201330340423
201330340413
201330340420
201330340225
201330340224
201330340322
201330340324
201330340316
201330340202
201330340214
201330340227
201330340104
201330340119
201330340222
201330320508
201330320420
201330320422
201330320515
201330320504
201330320517
201330320401
201330320431
201330320430
201330320529
201330320513
201330320409
201330320523
201330320526
201330320512
201330320501
201330320507
201330320524
201330320525
201330320418
201330320408
201330320516
201330320530
201330320505
201330320503
201330320528
201330320618
201330320511
201330320629
201330320527
201330320407
201330320514
201330320605
201330320410
201330320428
201330320411
201330320630
201330320628
201330320614
201330320509
201330340213
201330320412
201330320622
201330320615
201330320404
201330320617
201330320623
201330320611
201330320602
201330340407
201330340530
201330340508
201330350327
201330340502
201330340510
201330340619
201330340512
201330350121
201330350317
201330350106
201330350104
201330350226
201330340517
201330320406
201330330318
201330330301
201330330316
201330330308
201330330302
201330320603
201330320314
201330320318
201330320330
201330320132
201330330206
201330350211
201330350329
201330350208
201330350209
201330350212
201330350123
201330350108
201330350222
201330350307
201330350323
201330350214
201330350202
201330350223
201330350215
201330350213
201330350203
201330350204
201330350328
201330350303
201330350224
201330350201
201330350220
201330350206
201330350205
201330350207
201330350217
201330350218
201330330428
201330330430
201330330104
201330330224
201330330429
201330330121
201330330113
201330330421
201330330417
201330330222
201330330326
201330330418
201330330329
201330330123
201330330317
201330330330
201330330315
201330330323
201330330320
201330330114
201330330116
201330330420
201330330324
201330330115
201330330213
201330330130
201330330223
201330330419
201330330426
201330330427
201330330216
201330330128
201330330415
201330330414
201330330404
201330330408
201330330327
201330330410
201330330401
201330330328
201330330413
201330330205
201330330208
201330330309
201330330219
201330330226
201330330225
201330330229
201330330230
201330330203
201330330204
201330330207
201330330118
201330330227
201330330310
201330330117
201330330412
201330330202
201330330322
201330330228
201330330411
201330330319
201330330311
201330330106
201330330105
201330330312
201330320403
201330320402
201330320405
201330320601
201330320506
201330320608
201330320423
201330320520
201330320413
201330320616
201330320416
201330320425
201330320427
201330320332
201330320424
201330320620
201330320518
201330320510
201330320426
201330320604
201330320631
201330320417
201330320610
201330320606
201330320627
201330340303
201330340221
201330320626
201330320625
201330320609
201330320624
201330320519
201330320607
201330350124
201330350118
201330350117
201330330416
201330330304
201330330306
201330330212
201330330305
201330330307
201330330321
201330330303
201330320429
201330320532
201330320613
201330320421
201330350228
201330320531
201330350216
201330330220
201330330217
201330340124
201330320230
201330330201
201330330314
201330300123
